 r0a,lxa,beta,a,rmaj0=  0.500000000000000       0.800000000000000     
  6.152414092535767E-003   232.275726096468        678.962183526970     
 elon0,tria0,rmaj0p,stria0,selon0,q0,shat=   1.00000000000000     
  0.000000000000000E+000  0.000000000000000E+000  0.000000000000000E+000
  0.000000000000000E+000  -1.39370248000000       0.801118794019794     
 xn0s(1,nr/2),xn0s(2,nr/2),t0s(1,nr/2),t0s(2,nr/2)=   1.01626254822094     
   1.01626254822094       0.818011343000000       0.000000000000000E+000
 capns(1,nr/2),capns(2,nr/2),capts(1,nr/2),capts(2,nr/2)=
  3.387178132213410E-003  0.000000000000000E+000  1.054309760042234E-002
  0.000000000000000E+000
 capne(nr/2),capte(nr/2)=  3.387178132213411E-003  1.054309760042234E-002
 t0i0,t0e0,ni0,ne0=  0.818011343000000       0.818011343000000     
   1.01626254822094        1.01626254822094     
 a/cs=   363.194414738727     
 i,   sf,   ni,   ne,   nc,   ti,   tc,   capni,   capnc, captc
   0   -0.944E+00  0.108E+01  0.108E+01  0.108E+01  0.100E+01  0.100E+01  0.000E+00  0.000E+00  0.000E+00  0.000E+00  0.000E+00  0.000E+00  0.000E+00
   1   -0.945E+00  0.108E+01  0.108E+01  0.108E+01  0.100E+01  0.100E+01  0.000E+00  0.000E+00  0.000E+00  0.000E+00  0.000E+00  0.000E+00  0.000E+00
   2   -0.946E+00  0.108E+01  0.108E+01  0.108E+01  0.100E+01  0.100E+01  0.000E+00  0.000E+00  0.000E+00  0.000E+00  0.000E+00  0.000E+00  0.000E+00
   3   -0.946E+00  0.108E+01  0.108E+01  0.108E+01  0.100E+01  0.100E+01  0.000E+00  0.000E+00  0.000E+00  0.000E+00  0.000E+00  0.000E+00  0.000E+00
   4   -0.947E+00  0.108E+01  0.108E+01  0.108E+01  0.100E+01  0.100E+01  0.000E+00  0.000E+00  0.000E+00  0.000E+00  0.000E+00  0.000E+00  0.000E+00
   5   -0.948E+00  0.108E+01  0.108E+01  0.108E+01  0.100E+01  0.100E+01  0.000E+00  0.000E+00  0.000E+00  0.000E+00  0.000E+00  0.000E+00  0.000E+00
   6   -0.949E+00  0.108E+01  0.108E+01  0.108E+01  0.100E+01  0.100E+01  0.000E+00  0.000E+00  0.000E+00  0.000E+00  0.000E+00  0.000E+00  0.000E+00
   7   -0.950E+00  0.108E+01  0.108E+01  0.108E+01  0.100E+01  0.100E+01  0.000E+00  0.000E+00  0.000E+00  0.000E+00  0.000E+00  0.000E+00  0.000E+00
   8   -0.951E+00  0.108E+01  0.108E+01  0.108E+01  0.100E+01  0.100E+01  0.000E+00  0.000E+00  0.000E+00  0.000E+00  0.000E+00  0.000E+00  0.000E+00
   9   -0.952E+00  0.108E+01  0.108E+01  0.108E+01  0.100E+01  0.100E+01  0.000E+00  0.000E+00  0.000E+00  0.000E+00  0.000E+00  0.000E+00  0.000E+00
  10   -0.953E+00  0.108E+01  0.108E+01  0.108E+01  0.100E+01  0.100E+01  0.000E+00  0.000E+00  0.000E+00  0.000E+00  0.000E+00  0.000E+00  0.000E+00
  11   -0.955E+00  0.108E+01  0.108E+01  0.108E+01  0.100E+01  0.100E+01  0.000E+00  0.000E+00  0.000E+00  0.000E+00  0.000E+00  0.000E+00  0.000E+00
  12   -0.956E+00  0.108E+01  0.108E+01  0.108E+01  0.100E+01  0.100E+01  0.000E+00  0.000E+00  0.000E+00  0.000E+00  0.000E+00  0.000E+00  0.000E+00
  13   -0.957E+00  0.108E+01  0.108E+01  0.108E+01  0.100E+01  0.100E+01  0.000E+00  0.000E+00  0.000E+00  0.000E+00  0.000E+00  0.000E+00  0.000E+00
  14   -0.958E+00  0.108E+01  0.108E+01  0.108E+01  0.100E+01  0.100E+01  0.000E+00  0.000E+00  0.000E+00  0.000E+00  0.000E+00  0.000E+00  0.000E+00
  15   -0.960E+00  0.108E+01  0.108E+01  0.108E+01  0.100E+01  0.100E+01  0.000E+00  0.000E+00  0.000E+00  0.000E+00  0.000E+00  0.000E+00  0.000E+00
  16   -0.961E+00  0.108E+01  0.108E+01  0.108E+01  0.100E+01  0.100E+01  0.000E+00  0.000E+00  0.000E+00  0.000E+00  0.000E+00  0.000E+00  0.000E+00
  17   -0.963E+00  0.108E+01  0.108E+01  0.108E+01  0.100E+01  0.100E+01  0.000E+00  0.000E+00  0.000E+00  0.000E+00  0.000E+00  0.000E+00  0.000E+00
  18   -0.964E+00  0.108E+01  0.108E+01  0.108E+01  0.100E+01  0.100E+01  0.000E+00  0.000E+00  0.000E+00  0.000E+00  0.000E+00  0.000E+00  0.000E+00
  19   -0.966E+00  0.108E+01  0.108E+01  0.108E+01  0.100E+01  0.100E+01  0.000E+00  0.000E+00  0.000E+00  0.000E+00  0.000E+00  0.000E+00  0.000E+00
  20   -0.967E+00  0.108E+01  0.108E+01  0.108E+01  0.100E+01  0.100E+01  0.000E+00  0.000E+00  0.000E+00  0.000E+00  0.000E+00  0.000E+00  0.000E+00
  21   -0.969E+00  0.108E+01  0.108E+01  0.108E+01  0.100E+01  0.100E+01  0.000E+00  0.000E+00  0.000E+00  0.000E+00  0.000E+00  0.000E+00  0.000E+00
  22   -0.970E+00  0.108E+01  0.108E+01  0.108E+01  0.100E+01  0.100E+01  0.000E+00  0.000E+00  0.000E+00  0.000E+00  0.000E+00  0.000E+00  0.000E+00
  23   -0.972E+00  0.108E+01  0.108E+01  0.108E+01  0.100E+01  0.100E+01  0.000E+00  0.000E+00  0.000E+00  0.000E+00  0.000E+00  0.000E+00  0.000E+00
  24   -0.974E+00  0.108E+01  0.108E+01  0.108E+01  0.100E+01  0.100E+01  0.000E+00  0.000E+00  0.000E+00  0.000E+00  0.000E+00  0.000E+00  0.000E+00
  25   -0.976E+00  0.108E+01  0.108E+01  0.108E+01  0.100E+01  0.100E+01  0.000E+00  0.000E+00  0.000E+00  0.000E+00  0.000E+00  0.000E+00  0.000E+00
  26   -0.978E+00  0.108E+01  0.108E+01  0.108E+01  0.100E+01  0.100E+01  0.000E+00  0.000E+00  0.000E+00  0.000E+00  0.000E+00  0.000E+00  0.000E+00
  27   -0.980E+00  0.108E+01  0.108E+01  0.108E+01  0.100E+01  0.100E+01  0.000E+00  0.000E+00  0.000E+00  0.000E+00  0.000E+00  0.000E+00  0.000E+00
  28   -0.982E+00  0.108E+01  0.108E+01  0.108E+01  0.100E+01  0.100E+01  0.000E+00  0.000E+00  0.000E+00  0.000E+00  0.000E+00  0.000E+00  0.000E+00
  29   -0.984E+00  0.108E+01  0.108E+01  0.108E+01  0.100E+01  0.100E+01  0.000E+00  0.000E+00  0.000E+00  0.000E+00  0.000E+00  0.000E+00  0.000E+00
  30   -0.986E+00  0.108E+01  0.108E+01  0.108E+01  0.100E+01  0.100E+01  0.000E+00  0.000E+00  0.000E+00  0.000E+00  0.000E+00  0.000E+00  0.000E+00
  31   -0.988E+00  0.108E+01  0.108E+01  0.108E+01  0.100E+01  0.100E+01  0.000E+00  0.000E+00  0.000E+00  0.000E+00  0.000E+00  0.000E+00  0.000E+00
  32   -0.990E+00  0.108E+01  0.108E+01  0.108E+01  0.100E+01  0.100E+01  0.000E+00  0.000E+00  0.000E+00  0.000E+00  0.000E+00  0.000E+00  0.000E+00
  33   -0.992E+00  0.108E+01  0.108E+01  0.108E+01  0.100E+01  0.100E+01  0.000E+00  0.000E+00  0.000E+00  0.000E+00  0.000E+00  0.000E+00  0.000E+00
  34   -0.994E+00  0.108E+01  0.108E+01  0.108E+01  0.100E+01  0.100E+01  0.000E+00  0.000E+00  0.000E+00  0.000E+00  0.000E+00  0.000E+00  0.000E+00
  35   -0.997E+00  0.108E+01  0.108E+01  0.108E+01  0.100E+01  0.100E+01  0.000E+00  0.000E+00  0.000E+00  0.000E+00  0.000E+00  0.000E+00  0.000E+00
  36   -0.999E+00  0.108E+01  0.108E+01  0.108E+01  0.100E+01  0.100E+01  0.000E+00  0.000E+00  0.000E+00  0.000E+00  0.000E+00  0.000E+00  0.000E+00
  37   -0.100E+01  0.108E+01  0.108E+01  0.108E+01  0.100E+01  0.100E+01  0.000E+00  0.000E+00  0.000E+00  0.000E+00  0.000E+00  0.000E+00  0.000E+00
  38   -0.100E+01  0.108E+01  0.108E+01  0.108E+01  0.100E+01  0.100E+01  0.000E+00  0.000E+00  0.000E+00  0.000E+00  0.000E+00  0.000E+00  0.000E+00
  39   -0.101E+01  0.108E+01  0.108E+01  0.108E+01  0.100E+01  0.100E+01  0.000E+00  0.000E+00  0.000E+00  0.000E+00  0.000E+00  0.000E+00  0.000E+00
  40   -0.101E+01  0.108E+01  0.108E+01  0.108E+01  0.100E+01  0.100E+01  0.000E+00  0.000E+00  0.000E+00  0.000E+00  0.000E+00  0.000E+00  0.000E+00
  41   -0.101E+01  0.108E+01  0.108E+01  0.108E+01  0.100E+01  0.100E+01  0.000E+00  0.000E+00  0.000E+00  0.000E+00  0.000E+00  0.000E+00  0.000E+00
  42   -0.101E+01  0.108E+01  0.108E+01  0.108E+01  0.100E+01  0.100E+01  0.000E+00  0.000E+00  0.000E+00  0.000E+00  0.000E+00  0.000E+00  0.000E+00
  43   -0.102E+01  0.108E+01  0.108E+01  0.108E+01  0.100E+01  0.100E+01  0.000E+00  0.000E+00  0.000E+00  0.000E+00  0.000E+00  0.000E+00  0.000E+00
  44   -0.102E+01  0.108E+01  0.108E+01  0.108E+01  0.100E+01  0.100E+01  0.000E+00  0.000E+00  0.000E+00  0.000E+00  0.000E+00  0.000E+00  0.000E+00
  45   -0.102E+01  0.108E+01  0.108E+01  0.108E+01  0.100E+01  0.100E+01  0.000E+00  0.000E+00  0.000E+00  0.000E+00  0.000E+00  0.000E+00  0.000E+00
  46   -0.103E+01  0.108E+01  0.108E+01  0.108E+01  0.100E+01  0.100E+01  0.000E+00  0.000E+00  0.000E+00  0.000E+00  0.000E+00  0.000E+00  0.000E+00
  47   -0.103E+01  0.108E+01  0.108E+01  0.108E+01  0.100E+01  0.100E+01  0.000E+00  0.000E+00  0.000E+00  0.000E+00  0.000E+00  0.000E+00  0.000E+00
  48   -0.103E+01  0.108E+01  0.108E+01  0.108E+01  0.100E+01  0.100E+01  0.000E+00  0.000E+00  0.000E+00  0.000E+00  0.000E+00  0.000E+00  0.000E+00
  49   -0.103E+01  0.108E+01  0.108E+01  0.108E+01  0.100E+01  0.100E+01  0.000E+00  0.000E+00  0.000E+00  0.000E+00  0.000E+00  0.000E+00  0.000E+00
  50   -0.104E+01  0.108E+01  0.108E+01  0.108E+01  0.100E+01  0.100E+01  0.000E+00  0.000E+00  0.000E+00  0.000E+00  0.000E+00  0.000E+00  0.000E+00
  51   -0.104E+01  0.108E+01  0.108E+01  0.108E+01  0.100E+01  0.100E+01  0.000E+00  0.000E+00  0.000E+00  0.000E+00  0.000E+00  0.000E+00  0.000E+00
  52   -0.104E+01  0.108E+01  0.108E+01  0.108E+01  0.100E+01  0.100E+01  0.000E+00  0.000E+00  0.000E+00  0.000E+00  0.646E-09  0.646E-09  0.000E+00
  53   -0.105E+01  0.108E+01  0.108E+01  0.108E+01  0.100E+01  0.100E+01  0.000E+00  0.000E+00  0.000E+00  0.000E+00  0.323E-08  0.323E-08  0.000E+00
  54   -0.105E+01  0.108E+01  0.108E+01  0.108E+01  0.100E+01  0.100E+01  0.000E+00  0.000E+00  0.000E+00  0.000E+00  0.323E-08  0.323E-08  0.000E+00
  55   -0.105E+01  0.108E+01  0.108E+01  0.108E+01  0.100E+01  0.100E+01  0.000E+00  0.000E+00  0.000E+00  0.000E+00 -0.323E-08 -0.323E-08  0.000E+00
  56   -0.106E+01  0.108E+01  0.108E+01  0.108E+01  0.100E+01  0.100E+01  0.000E+00  0.129E-08  0.129E-08  0.000E+00 -0.168E-07 -0.168E-07  0.000E+00
  57   -0.106E+01  0.108E+01  0.108E+01  0.108E+01  0.100E+01  0.100E+01  0.000E+00  0.194E-08  0.194E-08  0.000E+00 -0.129E-07 -0.129E-07  0.000E+00
  58   -0.106E+01  0.108E+01  0.108E+01  0.108E+01  0.100E+01  0.100E+01  0.000E+00 -0.646E-09 -0.646E-09  0.000E+00  0.646E-08  0.646E-08  0.000E+00
  59   -0.107E+01  0.108E+01  0.108E+01  0.108E+01  0.100E+01  0.100E+01  0.000E+00 -0.840E-08 -0.840E-08  0.000E+00  0.484E-07  0.484E-07  0.000E+00
  60   -0.107E+01  0.108E+01  0.108E+01  0.108E+01  0.100E+01  0.100E+01  0.000E+00 -0.710E-08 -0.710E-08  0.000E+00  0.110E-06  0.110E-06  0.000E+00
  61   -0.107E+01  0.108E+01  0.108E+01  0.108E+01  0.100E+01  0.100E+01  0.000E+00  0.000E+00  0.000E+00  0.000E+00  0.165E-06  0.165E-06  0.000E+00
  62   -0.108E+01  0.108E+01  0.108E+01  0.108E+01  0.100E+01  0.100E+01  0.000E+00  0.194E-07  0.194E-07  0.000E+00  0.221E-06  0.221E-06  0.000E+00
  63   -0.108E+01  0.108E+01  0.108E+01  0.108E+01  0.100E+01  0.100E+01  0.000E+00  0.523E-07  0.523E-07  0.000E+00  0.271E-06  0.271E-06  0.000E+00
  64   -0.109E+01  0.108E+01  0.108E+01  0.108E+01  0.100E+01  0.100E+01  0.000E+00  0.852E-07  0.852E-07  0.000E+00  0.309E-06  0.309E-06  0.000E+00
  65   -0.109E+01  0.108E+01  0.108E+01  0.108E+01  0.100E+01  0.100E+01  0.000E+00  0.126E-06  0.126E-06  0.000E+00  0.339E-06  0.339E-06  0.000E+00
  66   -0.109E+01  0.108E+01  0.108E+01  0.108E+01  0.100E+01  0.100E+01  0.000E+00  0.176E-06  0.176E-06  0.000E+00  0.400E-06  0.400E-06  0.000E+00
  67   -0.110E+01  0.108E+01  0.108E+01  0.108E+01  0.100E+01  0.100E+01  0.000E+00  0.244E-06  0.244E-06  0.000E+00  0.570E-06  0.570E-06  0.000E+00
  68   -0.110E+01  0.108E+01  0.108E+01  0.108E+01  0.100E+01  0.100E+01  0.000E+00  0.336E-06  0.336E-06  0.000E+00  0.894E-06  0.894E-06  0.000E+00
  69   -0.111E+01  0.108E+01  0.108E+01  0.108E+01  0.100E+01  0.100E+01  0.000E+00  0.461E-06  0.461E-06  0.000E+00  0.138E-05  0.138E-05  0.000E+00
  70   -0.111E+01  0.108E+01  0.108E+01  0.108E+01  0.100E+01  0.100E+01  0.000E+00  0.639E-06  0.639E-06  0.000E+00  0.204E-05  0.204E-05  0.000E+00
  71   -0.111E+01  0.108E+01  0.108E+01  0.108E+01  0.100E+01  0.100E+01  0.000E+00  0.883E-06  0.883E-06  0.000E+00  0.289E-05  0.289E-05  0.000E+00
  72   -0.112E+01  0.108E+01  0.108E+01  0.108E+01  0.100E+01  0.100E+01  0.000E+00  0.122E-05  0.122E-05  0.000E+00  0.399E-05  0.399E-05  0.000E+00
  73   -0.112E+01  0.108E+01  0.108E+01  0.108E+01  0.100E+01  0.100E+01  0.000E+00  0.173E-05  0.173E-05  0.000E+00  0.553E-05  0.553E-05  0.000E+00
  74   -0.113E+01  0.108E+01  0.108E+01  0.108E+01  0.100E+01  0.100E+01  0.000E+00  0.246E-05  0.246E-05  0.000E+00  0.764E-05  0.764E-05  0.000E+00
  75   -0.113E+01  0.108E+01  0.108E+01  0.108E+01  0.100E+01  0.100E+01  0.000E+00  0.347E-05  0.347E-05  0.000E+00  0.105E-04  0.105E-04  0.000E+00
  76   -0.113E+01  0.108E+01  0.108E+01  0.108E+01  0.100E+01  0.100E+01  0.000E+00  0.487E-05  0.487E-05  0.000E+00  0.148E-04  0.148E-04  0.000E+00
  77   -0.114E+01  0.108E+01  0.108E+01  0.108E+01  0.100E+01  0.100E+01  0.000E+00  0.678E-05  0.678E-05  0.000E+00  0.209E-04  0.209E-04  0.000E+00
  78   -0.114E+01  0.108E+01  0.108E+01  0.108E+01  0.100E+01  0.100E+01  0.000E+00  0.937E-05  0.937E-05  0.000E+00  0.293E-04  0.293E-04  0.000E+00
  79   -0.115E+01  0.108E+01  0.108E+01  0.108E+01  0.100E+01  0.100E+01  0.000E+00  0.132E-04  0.132E-04  0.000E+00  0.413E-04  0.413E-04  0.000E+00
  80   -0.115E+01  0.108E+01  0.108E+01  0.108E+01  0.100E+01  0.100E+01  0.000E+00  0.185E-04  0.185E-04  0.000E+00  0.578E-04  0.578E-04  0.000E+00
  81   -0.116E+01  0.108E+01  0.108E+01  0.108E+01  0.100E+01  0.100E+01  0.000E+00  0.259E-04  0.259E-04  0.000E+00  0.805E-04  0.805E-04  0.000E+00
  82   -0.116E+01  0.108E+01  0.108E+01  0.108E+01  0.100E+01  0.100E+01  0.000E+00  0.364E-04  0.364E-04  0.000E+00  0.113E-03  0.113E-03  0.000E+00
  83   -0.117E+01  0.108E+01  0.108E+01  0.108E+01  0.100E+01  0.100E+01  0.000E+00  0.508E-04  0.508E-04  0.000E+00  0.158E-03  0.158E-03  0.000E+00
  84   -0.117E+01  0.108E+01  0.108E+01  0.108E+01  0.100E+01  0.100E+01  0.000E+00  0.704E-04  0.704E-04  0.000E+00  0.219E-03  0.219E-03  0.000E+00
  85   -0.118E+01  0.108E+01  0.108E+01  0.108E+01  0.999E+00  0.999E+00  0.000E+00  0.981E-04  0.981E-04  0.000E+00  0.305E-03  0.305E-03  0.000E+00
  86   -0.118E+01  0.108E+01  0.108E+01  0.108E+01  0.999E+00  0.999E+00  0.000E+00  0.136E-03  0.136E-03  0.000E+00  0.423E-03  0.423E-03  0.000E+00
  87   -0.119E+01  0.108E+01  0.108E+01  0.108E+01  0.999E+00  0.999E+00  0.000E+00  0.187E-03  0.187E-03  0.000E+00  0.582E-03  0.582E-03  0.000E+00
  88   -0.119E+01  0.108E+01  0.108E+01  0.108E+01  0.998E+00  0.998E+00  0.000E+00  0.257E-03  0.257E-03  0.000E+00  0.800E-03  0.800E-03  0.000E+00
  89   -0.120E+01  0.108E+01  0.108E+01  0.108E+01  0.997E+00  0.997E+00  0.000E+00  0.350E-03  0.350E-03  0.000E+00  0.109E-02  0.109E-02  0.000E+00
  90   -0.120E+01  0.108E+01  0.108E+01  0.108E+01  0.996E+00  0.996E+00  0.000E+00  0.469E-03  0.469E-03  0.000E+00  0.146E-02  0.146E-02  0.000E+00
  91   -0.121E+01  0.108E+01  0.108E+01  0.108E+01  0.995E+00  0.995E+00  0.000E+00  0.623E-03  0.623E-03  0.000E+00  0.194E-02  0.194E-02  0.000E+00
  92   -0.121E+01  0.108E+01  0.108E+01  0.108E+01  0.993E+00  0.993E+00  0.000E+00  0.814E-03  0.814E-03  0.000E+00  0.253E-02  0.253E-02  0.000E+00
  93   -0.122E+01  0.108E+01  0.108E+01  0.108E+01  0.991E+00  0.991E+00  0.000E+00  0.104E-02  0.104E-02  0.000E+00  0.323E-02  0.323E-02  0.000E+00
  94   -0.123E+01  0.108E+01  0.108E+01  0.108E+01  0.988E+00  0.988E+00  0.000E+00  0.129E-02  0.129E-02  0.000E+00  0.402E-02  0.402E-02  0.000E+00
  95   -0.123E+01  0.108E+01  0.108E+01  0.108E+01  0.985E+00  0.985E+00  0.000E+00  0.157E-02  0.157E-02  0.000E+00  0.488E-02  0.488E-02  0.000E+00
  96   -0.124E+01  0.108E+01  0.108E+01  0.108E+01  0.981E+00  0.981E+00  0.000E+00  0.185E-02  0.185E-02  0.000E+00  0.577E-02  0.577E-02  0.000E+00
  97   -0.124E+01  0.108E+01  0.108E+01  0.108E+01  0.976E+00  0.976E+00  0.000E+00  0.213E-02  0.213E-02  0.000E+00  0.662E-02  0.662E-02  0.000E+00
  98   -0.125E+01  0.107E+01  0.107E+01  0.107E+01  0.971E+00  0.971E+00  0.000E+00  0.238E-02  0.238E-02  0.000E+00  0.741E-02  0.741E-02  0.000E+00
  99   -0.125E+01  0.107E+01  0.107E+01  0.107E+01  0.965E+00  0.965E+00  0.000E+00  0.260E-02  0.260E-02  0.000E+00  0.810E-02  0.810E-02  0.000E+00
 100   -0.126E+01  0.107E+01  0.107E+01  0.107E+01  0.959E+00  0.959E+00  0.000E+00  0.279E-02  0.279E-02  0.000E+00  0.869E-02  0.869E-02  0.000E+00
 101   -0.127E+01  0.107E+01  0.107E+01  0.107E+01  0.952E+00  0.952E+00  0.000E+00  0.294E-02  0.294E-02  0.000E+00  0.915E-02  0.915E-02  0.000E+00
 102   -0.127E+01  0.106E+01  0.106E+01  0.106E+01  0.945E+00  0.945E+00  0.000E+00  0.306E-02  0.306E-02  0.000E+00  0.952E-02  0.952E-02  0.000E+00
 103   -0.128E+01  0.106E+01  0.106E+01  0.106E+01  0.938E+00  0.938E+00  0.000E+00  0.315E-02  0.315E-02  0.000E+00  0.980E-02  0.980E-02  0.000E+00
 104   -0.128E+01  0.106E+01  0.106E+01  0.106E+01  0.931E+00  0.931E+00  0.000E+00  0.322E-02  0.322E-02  0.000E+00  0.100E-01  0.100E-01  0.000E+00
 105   -0.129E+01  0.106E+01  0.106E+01  0.106E+01  0.924E+00  0.924E+00  0.000E+00  0.327E-02  0.327E-02  0.000E+00  0.102E-01  0.102E-01  0.000E+00
 106   -0.130E+01  0.105E+01  0.105E+01  0.105E+01  0.917E+00  0.917E+00  0.000E+00  0.330E-02  0.330E-02  0.000E+00  0.103E-01  0.103E-01  0.000E+00
 107   -0.130E+01  0.105E+01  0.105E+01  0.105E+01  0.909E+00  0.909E+00  0.000E+00  0.333E-02  0.333E-02  0.000E+00  0.104E-01  0.104E-01  0.000E+00
 108   -0.131E+01  0.105E+01  0.105E+01  0.105E+01  0.902E+00  0.902E+00  0.000E+00  0.335E-02  0.335E-02  0.000E+00  0.104E-01  0.104E-01  0.000E+00
 109   -0.132E+01  0.105E+01  0.105E+01  0.105E+01  0.895E+00  0.895E+00  0.000E+00  0.336E-02  0.336E-02  0.000E+00  0.105E-01  0.105E-01  0.000E+00
 110   -0.132E+01  0.104E+01  0.104E+01  0.104E+01  0.888E+00  0.888E+00  0.000E+00  0.337E-02  0.337E-02  0.000E+00  0.105E-01  0.105E-01  0.000E+00
 111   -0.133E+01  0.104E+01  0.104E+01  0.104E+01  0.880E+00  0.880E+00  0.000E+00  0.338E-02  0.338E-02  0.000E+00  0.105E-01  0.105E-01  0.000E+00
 112   -0.134E+01  0.104E+01  0.104E+01  0.104E+01  0.873E+00  0.873E+00  0.000E+00  0.338E-02  0.338E-02  0.000E+00  0.105E-01  0.105E-01  0.000E+00
 113   -0.134E+01  0.104E+01  0.104E+01  0.104E+01  0.866E+00  0.866E+00  0.000E+00  0.339E-02  0.339E-02  0.000E+00  0.105E-01  0.105E-01  0.000E+00
 114   -0.135E+01  0.103E+01  0.103E+01  0.103E+01  0.859E+00  0.859E+00  0.000E+00  0.339E-02  0.339E-02  0.000E+00  0.105E-01  0.105E-01  0.000E+00
 115   -0.136E+01  0.103E+01  0.103E+01  0.103E+01  0.852E+00  0.852E+00  0.000E+00  0.339E-02  0.339E-02  0.000E+00  0.105E-01  0.105E-01  0.000E+00
 116   -0.136E+01  0.103E+01  0.103E+01  0.103E+01  0.845E+00  0.845E+00  0.000E+00  0.339E-02  0.339E-02  0.000E+00  0.106E-01  0.106E-01  0.000E+00
 117   -0.137E+01  0.102E+01  0.102E+01  0.102E+01  0.838E+00  0.838E+00  0.000E+00  0.339E-02  0.339E-02  0.000E+00  0.106E-01  0.106E-01  0.000E+00
 118   -0.138E+01  0.102E+01  0.102E+01  0.102E+01  0.831E+00  0.831E+00  0.000E+00  0.339E-02  0.339E-02  0.000E+00  0.105E-01  0.105E-01  0.000E+00
 119   -0.139E+01  0.102E+01  0.102E+01  0.102E+01  0.825E+00  0.825E+00  0.000E+00  0.339E-02  0.339E-02  0.000E+00  0.105E-01  0.105E-01  0.000E+00
 120   -0.139E+01  0.102E+01  0.102E+01  0.102E+01  0.818E+00  0.818E+00  0.000E+00  0.339E-02  0.339E-02  0.000E+00  0.105E-01  0.105E-01  0.000E+00
 121   -0.140E+01  0.101E+01  0.101E+01  0.101E+01  0.811E+00  0.811E+00  0.000E+00  0.339E-02  0.339E-02  0.000E+00  0.105E-01  0.105E-01  0.000E+00
 122   -0.141E+01  0.101E+01  0.101E+01  0.101E+01  0.805E+00  0.805E+00  0.000E+00  0.338E-02  0.338E-02  0.000E+00  0.105E-01  0.105E-01  0.000E+00
 123   -0.142E+01  0.101E+01  0.101E+01  0.101E+01  0.798E+00  0.798E+00  0.000E+00  0.338E-02  0.338E-02  0.000E+00  0.105E-01  0.105E-01  0.000E+00
 124   -0.142E+01  0.101E+01  0.101E+01  0.101E+01  0.792E+00  0.792E+00  0.000E+00  0.337E-02  0.337E-02  0.000E+00  0.105E-01  0.105E-01  0.000E+00
 125   -0.143E+01  0.100E+01  0.100E+01  0.100E+01  0.785E+00  0.785E+00  0.000E+00  0.337E-02  0.337E-02  0.000E+00  0.105E-01  0.105E-01  0.000E+00
 126   -0.144E+01  0.100E+01  0.100E+01  0.100E+01  0.779E+00  0.779E+00  0.000E+00  0.336E-02  0.336E-02  0.000E+00  0.105E-01  0.105E-01  0.000E+00
 127   -0.145E+01  0.998E+00  0.998E+00  0.998E+00  0.773E+00  0.773E+00  0.000E+00  0.335E-02  0.335E-02  0.000E+00  0.104E-01  0.104E-01  0.000E+00
 128   -0.146E+01  0.995E+00  0.995E+00  0.995E+00  0.767E+00  0.767E+00  0.000E+00  0.333E-02  0.333E-02  0.000E+00  0.104E-01  0.104E-01  0.000E+00
 129   -0.146E+01  0.993E+00  0.993E+00  0.993E+00  0.760E+00  0.760E+00  0.000E+00  0.330E-02  0.330E-02  0.000E+00  0.103E-01  0.103E-01  0.000E+00
 130   -0.147E+01  0.990E+00  0.990E+00  0.990E+00  0.754E+00  0.754E+00  0.000E+00  0.327E-02  0.327E-02  0.000E+00  0.102E-01  0.102E-01  0.000E+00
 131   -0.148E+01  0.988E+00  0.988E+00  0.988E+00  0.749E+00  0.749E+00  0.000E+00  0.323E-02  0.323E-02  0.000E+00  0.100E-01  0.100E-01  0.000E+00
 132   -0.149E+01  0.985E+00  0.985E+00  0.985E+00  0.743E+00  0.743E+00  0.000E+00  0.317E-02  0.317E-02  0.000E+00  0.986E-02  0.986E-02  0.000E+00
 133   -0.150E+01  0.983E+00  0.983E+00  0.983E+00  0.737E+00  0.737E+00  0.000E+00  0.309E-02  0.309E-02  0.000E+00  0.961E-02  0.961E-02  0.000E+00
 134   -0.151E+01  0.981E+00  0.981E+00  0.981E+00  0.732E+00  0.732E+00  0.000E+00  0.298E-02  0.298E-02  0.000E+00  0.928E-02  0.928E-02  0.000E+00
 135   -0.151E+01  0.978E+00  0.978E+00  0.978E+00  0.727E+00  0.727E+00  0.000E+00  0.284E-02  0.284E-02  0.000E+00  0.886E-02  0.886E-02  0.000E+00
 136   -0.152E+01  0.976E+00  0.976E+00  0.976E+00  0.722E+00  0.722E+00  0.000E+00  0.268E-02  0.268E-02  0.000E+00  0.833E-02  0.833E-02  0.000E+00
 137   -0.153E+01  0.974E+00  0.974E+00  0.974E+00  0.717E+00  0.717E+00  0.000E+00  0.247E-02  0.247E-02  0.000E+00  0.769E-02  0.769E-02  0.000E+00
 138   -0.154E+01  0.973E+00  0.973E+00  0.973E+00  0.713E+00  0.713E+00  0.000E+00  0.223E-02  0.223E-02  0.000E+00  0.695E-02  0.695E-02  0.000E+00
 139   -0.155E+01  0.971E+00  0.971E+00  0.971E+00  0.710E+00  0.710E+00  0.000E+00  0.197E-02  0.197E-02  0.000E+00  0.612E-02  0.612E-02  0.000E+00
 140   -0.156E+01  0.970E+00  0.970E+00  0.970E+00  0.707E+00  0.707E+00  0.000E+00  0.169E-02  0.169E-02  0.000E+00  0.526E-02  0.526E-02  0.000E+00
 141   -0.157E+01  0.968E+00  0.968E+00  0.968E+00  0.704E+00  0.704E+00  0.000E+00  0.141E-02  0.141E-02  0.000E+00  0.439E-02  0.439E-02  0.000E+00
 142   -0.158E+01  0.967E+00  0.967E+00  0.967E+00  0.702E+00  0.702E+00  0.000E+00  0.115E-02  0.115E-02  0.000E+00  0.357E-02  0.357E-02  0.000E+00
 143   -0.159E+01  0.967E+00  0.967E+00  0.967E+00  0.700E+00  0.700E+00  0.000E+00  0.909E-03  0.909E-03  0.000E+00  0.283E-02  0.283E-02  0.000E+00
 144   -0.160E+01  0.966E+00  0.966E+00  0.966E+00  0.699E+00  0.699E+00  0.000E+00  0.705E-03  0.705E-03  0.000E+00  0.219E-02  0.219E-02  0.000E+00
 145   -0.161E+01  0.966E+00  0.966E+00  0.966E+00  0.698E+00  0.698E+00  0.000E+00  0.536E-03  0.536E-03  0.000E+00  0.167E-02  0.167E-02  0.000E+00
 146   -0.162E+01  0.965E+00  0.965E+00  0.965E+00  0.697E+00  0.697E+00  0.000E+00  0.402E-03  0.402E-03  0.000E+00  0.125E-02  0.125E-02  0.000E+00
 147   -0.163E+01  0.965E+00  0.965E+00  0.965E+00  0.696E+00  0.696E+00  0.000E+00  0.298E-03  0.298E-03  0.000E+00  0.928E-03  0.928E-03  0.000E+00
 148   -0.164E+01  0.965E+00  0.965E+00  0.965E+00  0.696E+00  0.696E+00  0.000E+00  0.218E-03  0.218E-03  0.000E+00  0.680E-03  0.680E-03  0.000E+00
 149   -0.165E+01  0.965E+00  0.965E+00  0.965E+00  0.696E+00  0.696E+00  0.000E+00  0.159E-03  0.159E-03  0.000E+00  0.496E-03  0.496E-03  0.000E+00
 150   -0.166E+01  0.965E+00  0.965E+00  0.965E+00  0.695E+00  0.695E+00  0.000E+00  0.115E-03  0.115E-03  0.000E+00  0.360E-03  0.360E-03  0.000E+00
 151   -0.167E+01  0.965E+00  0.965E+00  0.965E+00  0.695E+00  0.695E+00  0.000E+00  0.834E-04  0.834E-04  0.000E+00  0.260E-03  0.260E-03  0.000E+00
 152   -0.168E+01  0.964E+00  0.964E+00  0.964E+00  0.695E+00  0.695E+00  0.000E+00  0.602E-04  0.602E-04  0.000E+00  0.188E-03  0.188E-03  0.000E+00
 153   -0.169E+01  0.964E+00  0.964E+00  0.964E+00  0.695E+00  0.695E+00  0.000E+00  0.432E-04  0.432E-04  0.000E+00  0.135E-03  0.135E-03  0.000E+00
 154   -0.170E+01  0.964E+00  0.964E+00  0.964E+00  0.695E+00  0.695E+00  0.000E+00  0.311E-04  0.311E-04  0.000E+00  0.967E-04  0.967E-04  0.000E+00
 155   -0.171E+01  0.964E+00  0.964E+00  0.964E+00  0.695E+00  0.695E+00  0.000E+00  0.223E-04  0.223E-04  0.000E+00  0.693E-04  0.693E-04  0.000E+00
 156   -0.172E+01  0.964E+00  0.964E+00  0.964E+00  0.695E+00  0.695E+00  0.000E+00  0.160E-04  0.160E-04  0.000E+00  0.495E-04  0.495E-04  0.000E+00
 157   -0.173E+01  0.964E+00  0.964E+00  0.964E+00  0.695E+00  0.695E+00  0.000E+00  0.115E-04  0.115E-04  0.000E+00  0.354E-04  0.354E-04  0.000E+00
 158   -0.174E+01  0.964E+00  0.964E+00  0.964E+00  0.695E+00  0.695E+00  0.000E+00  0.823E-05  0.823E-05  0.000E+00  0.254E-04  0.254E-04  0.000E+00
 159   -0.175E+01  0.964E+00  0.964E+00  0.964E+00  0.695E+00  0.695E+00  0.000E+00  0.591E-05  0.591E-05  0.000E+00  0.184E-04  0.184E-04  0.000E+00
 160   -0.176E+01  0.964E+00  0.964E+00  0.964E+00  0.695E+00  0.695E+00  0.000E+00  0.423E-05  0.423E-05  0.000E+00  0.133E-04  0.133E-04  0.000E+00
 161   -0.177E+01  0.964E+00  0.964E+00  0.964E+00  0.695E+00  0.695E+00  0.000E+00  0.300E-05  0.300E-05  0.000E+00  0.940E-05  0.940E-05  0.000E+00
 162   -0.179E+01  0.964E+00  0.964E+00  0.964E+00  0.695E+00  0.695E+00  0.000E+00  0.212E-05  0.212E-05  0.000E+00  0.653E-05  0.653E-05  0.000E+00
 163   -0.180E+01  0.964E+00  0.964E+00  0.964E+00  0.695E+00  0.695E+00  0.000E+00  0.151E-05  0.151E-05  0.000E+00  0.463E-05  0.463E-05  0.000E+00
 164   -0.181E+01  0.964E+00  0.964E+00  0.964E+00  0.695E+00  0.695E+00  0.000E+00  0.109E-05  0.109E-05  0.000E+00  0.349E-05  0.349E-05  0.000E+00
 165   -0.182E+01  0.964E+00  0.964E+00  0.964E+00  0.695E+00  0.695E+00  0.000E+00  0.788E-06  0.788E-06  0.000E+00  0.266E-05  0.266E-05  0.000E+00
 166   -0.183E+01  0.964E+00  0.964E+00  0.964E+00  0.695E+00  0.695E+00  0.000E+00  0.551E-06  0.551E-06  0.000E+00  0.189E-05  0.189E-05  0.000E+00
 167   -0.184E+01  0.964E+00  0.964E+00  0.964E+00  0.695E+00  0.695E+00  0.000E+00  0.387E-06  0.387E-06  0.000E+00  0.125E-05  0.125E-05  0.000E+00
 168   -0.186E+01  0.964E+00  0.964E+00  0.964E+00  0.695E+00  0.695E+00  0.000E+00  0.306E-06  0.306E-06  0.000E+00  0.880E-06  0.880E-06  0.000E+00
 169   -0.187E+01  0.964E+00  0.964E+00  0.964E+00  0.695E+00  0.695E+00  0.000E+00  0.279E-06  0.279E-06  0.000E+00  0.713E-06  0.713E-06  0.000E+00
 170   -0.188E+01  0.964E+00  0.964E+00  0.964E+00  0.695E+00  0.695E+00  0.000E+00  0.233E-06  0.233E-06  0.000E+00  0.535E-06  0.535E-06  0.000E+00
 171   -0.189E+01  0.964E+00  0.964E+00  0.964E+00  0.695E+00  0.695E+00  0.000E+00  0.131E-06  0.131E-06  0.000E+00  0.242E-06  0.242E-06  0.000E+00
 172   -0.191E+01  0.964E+00  0.964E+00  0.964E+00  0.695E+00  0.695E+00  0.000E+00  0.211E-07  0.211E-07  0.000E+00  0.279E-08  0.279E-08  0.000E+00
 173   -0.192E+01  0.964E+00  0.964E+00  0.964E+00  0.695E+00  0.695E+00  0.000E+00 -0.370E-07 -0.370E-07  0.000E+00  0.139E-07  0.139E-07  0.000E+00
 174   -0.193E+01  0.964E+00  0.964E+00  0.964E+00  0.695E+00  0.695E+00  0.000E+00 -0.356E-07 -0.356E-07  0.000E+00  0.201E-06  0.201E-06  0.000E+00
 175   -0.194E+01  0.964E+00  0.964E+00  0.964E+00  0.695E+00  0.695E+00  0.000E+00  0.799E-08  0.799E-08  0.000E+00  0.302E-06  0.302E-06  0.000E+00
 176   -0.196E+01  0.964E+00  0.964E+00  0.964E+00  0.695E+00  0.695E+00  0.000E+00  0.769E-07  0.769E-07  0.000E+00  0.192E-06  0.192E-06  0.000E+00
 177   -0.197E+01  0.964E+00  0.964E+00  0.964E+00  0.695E+00  0.695E+00  0.000E+00  0.124E-06  0.124E-06  0.000E+00  0.204E-07  0.204E-07  0.000E+00
 178   -0.198E+01  0.964E+00  0.964E+00  0.964E+00  0.695E+00  0.695E+00  0.000E+00  0.103E-06  0.103E-06  0.000E+00 -0.493E-07 -0.493E-07  0.000E+00
 179   -0.200E+01  0.964E+00  0.964E+00  0.964E+00  0.695E+00  0.695E+00  0.000E+00  0.363E-07  0.363E-07  0.000E+00 -0.251E-07 -0.251E-07  0.000E+00
 180   -0.201E+01  0.964E+00  0.964E+00  0.964E+00  0.695E+00  0.695E+00  0.000E+00 -0.131E-07 -0.131E-07  0.000E+00  0.929E-08  0.929E-08  0.000E+00
 181   -0.202E+01  0.964E+00  0.964E+00  0.964E+00  0.695E+00  0.695E+00  0.000E+00 -0.160E-07 -0.160E-07  0.000E+00  0.112E-07  0.112E-07  0.000E+00
 182   -0.204E+01  0.964E+00  0.964E+00  0.964E+00  0.695E+00  0.695E+00  0.000E+00 -0.726E-09 -0.726E-09  0.000E+00  0.000E+00  0.000E+00  0.000E+00
 183   -0.205E+01  0.964E+00  0.964E+00  0.964E+00  0.695E+00  0.695E+00  0.000E+00  0.508E-08  0.508E-08  0.000E+00 -0.279E-08 -0.279E-08  0.000E+00
 184   -0.207E+01  0.964E+00  0.964E+00  0.964E+00  0.695E+00  0.695E+00  0.000E+00  0.218E-08  0.218E-08  0.000E+00 -0.929E-09 -0.929E-09  0.000E+00
 185   -0.208E+01  0.964E+00  0.964E+00  0.964E+00  0.695E+00  0.695E+00  0.000E+00 -0.726E-09 -0.726E-09  0.000E+00  0.000E+00  0.000E+00  0.000E+00
 186   -0.210E+01  0.964E+00  0.964E+00  0.964E+00  0.695E+00  0.695E+00  0.000E+00 -0.726E-09 -0.726E-09  0.000E+00  0.929E-09  0.929E-09  0.000E+00
 187   -0.211E+01  0.964E+00  0.964E+00  0.964E+00  0.695E+00  0.695E+00  0.000E+00  0.000E+00  0.000E+00  0.000E+00  0.000E+00  0.000E+00  0.000E+00
 188   -0.212E+01  0.964E+00  0.964E+00  0.964E+00  0.695E+00  0.695E+00  0.000E+00  0.000E+00  0.000E+00  0.000E+00 -0.929E-09 -0.929E-09  0.000E+00
 189   -0.214E+01  0.964E+00  0.964E+00  0.964E+00  0.695E+00  0.695E+00  0.000E+00  0.000E+00  0.000E+00  0.000E+00  0.000E+00  0.000E+00  0.000E+00
 190   -0.215E+01  0.964E+00  0.964E+00  0.964E+00  0.695E+00  0.695E+00  0.000E+00  0.000E+00  0.000E+00  0.000E+00  0.000E+00  0.000E+00  0.000E+00
 191   -0.217E+01  0.964E+00  0.964E+00  0.964E+00  0.695E+00  0.695E+00  0.000E+00  0.000E+00  0.000E+00  0.000E+00  0.000E+00  0.000E+00  0.000E+00
 192   -0.219E+01  0.964E+00  0.964E+00  0.964E+00  0.695E+00  0.695E+00  0.000E+00  0.000E+00  0.000E+00  0.000E+00  0.000E+00  0.000E+00  0.000E+00
 193   -0.220E+01  0.964E+00  0.964E+00  0.964E+00  0.695E+00  0.695E+00  0.000E+00  0.000E+00  0.000E+00  0.000E+00  0.000E+00  0.000E+00  0.000E+00
 194   -0.222E+01  0.964E+00  0.964E+00  0.964E+00  0.695E+00  0.695E+00  0.000E+00  0.000E+00  0.000E+00  0.000E+00  0.000E+00  0.000E+00  0.000E+00
 195   -0.223E+01  0.964E+00  0.964E+00  0.964E+00  0.695E+00  0.695E+00  0.000E+00  0.000E+00  0.000E+00  0.000E+00  0.000E+00  0.000E+00  0.000E+00
 196   -0.225E+01  0.964E+00  0.964E+00  0.964E+00  0.695E+00  0.695E+00  0.000E+00  0.000E+00  0.000E+00  0.000E+00  0.000E+00  0.000E+00  0.000E+00
 197   -0.226E+01  0.964E+00  0.964E+00  0.964E+00  0.695E+00  0.695E+00  0.000E+00  0.000E+00  0.000E+00  0.000E+00  0.000E+00  0.000E+00  0.000E+00
 198   -0.228E+01  0.964E+00  0.964E+00  0.964E+00  0.695E+00  0.695E+00  0.000E+00  0.000E+00  0.000E+00  0.000E+00  0.000E+00  0.000E+00  0.000E+00
 199   -0.230E+01  0.964E+00  0.964E+00  0.964E+00  0.695E+00  0.695E+00  0.000E+00  0.000E+00  0.000E+00  0.000E+00  0.000E+00  0.000E+00  0.000E+00
 200   -0.231E+01  0.964E+00  0.964E+00  0.964E+00  0.695E+00  0.695E+00  0.000E+00  0.000E+00  0.000E+00  0.000E+00  0.000E+00  0.000E+00  0.000E+00
 201   -0.233E+01  0.964E+00  0.964E+00  0.964E+00  0.695E+00  0.695E+00  0.000E+00  0.000E+00  0.000E+00  0.000E+00  0.000E+00  0.000E+00  0.000E+00
 202   -0.235E+01  0.964E+00  0.964E+00  0.964E+00  0.695E+00  0.695E+00  0.000E+00  0.000E+00  0.000E+00  0.000E+00  0.000E+00  0.000E+00  0.000E+00
 203   -0.236E+01  0.964E+00  0.964E+00  0.964E+00  0.695E+00  0.695E+00  0.000E+00  0.000E+00  0.000E+00  0.000E+00  0.000E+00  0.000E+00  0.000E+00
 204   -0.238E+01  0.964E+00  0.964E+00  0.964E+00  0.695E+00  0.695E+00  0.000E+00  0.000E+00  0.000E+00  0.000E+00  0.000E+00  0.000E+00  0.000E+00
 205   -0.240E+01  0.964E+00  0.964E+00  0.964E+00  0.695E+00  0.695E+00  0.000E+00  0.000E+00  0.000E+00  0.000E+00  0.000E+00  0.000E+00  0.000E+00
 206   -0.242E+01  0.964E+00  0.964E+00  0.964E+00  0.695E+00  0.695E+00  0.000E+00  0.000E+00  0.000E+00  0.000E+00  0.000E+00  0.000E+00  0.000E+00
 207   -0.243E+01  0.964E+00  0.964E+00  0.964E+00  0.695E+00  0.695E+00  0.000E+00  0.000E+00  0.000E+00  0.000E+00  0.000E+00  0.000E+00  0.000E+00
 208   -0.245E+01  0.964E+00  0.964E+00  0.964E+00  0.695E+00  0.695E+00  0.000E+00  0.000E+00  0.000E+00  0.000E+00  0.000E+00  0.000E+00  0.000E+00
 209   -0.247E+01  0.964E+00  0.964E+00  0.964E+00  0.695E+00  0.695E+00  0.000E+00  0.000E+00  0.000E+00  0.000E+00  0.000E+00  0.000E+00  0.000E+00
 210   -0.249E+01  0.964E+00  0.964E+00  0.964E+00  0.695E+00  0.695E+00  0.000E+00  0.000E+00  0.000E+00  0.000E+00  0.000E+00  0.000E+00  0.000E+00
 211   -0.251E+01  0.964E+00  0.964E+00  0.964E+00  0.695E+00  0.695E+00  0.000E+00  0.000E+00  0.000E+00  0.000E+00  0.000E+00  0.000E+00  0.000E+00
 212   -0.253E+01  0.964E+00  0.964E+00  0.964E+00  0.695E+00  0.695E+00  0.000E+00  0.000E+00  0.000E+00  0.000E+00  0.000E+00  0.000E+00  0.000E+00
 213   -0.255E+01  0.964E+00  0.964E+00  0.964E+00  0.695E+00  0.695E+00  0.000E+00  0.000E+00  0.000E+00  0.000E+00  0.000E+00  0.000E+00  0.000E+00
 214   -0.256E+01  0.964E+00  0.964E+00  0.964E+00  0.695E+00  0.695E+00  0.000E+00  0.000E+00  0.000E+00  0.000E+00  0.000E+00  0.000E+00  0.000E+00
 215   -0.258E+01  0.964E+00  0.964E+00  0.964E+00  0.695E+00  0.695E+00  0.000E+00  0.000E+00  0.000E+00  0.000E+00  0.000E+00  0.000E+00  0.000E+00
 216   -0.260E+01  0.964E+00  0.964E+00  0.964E+00  0.695E+00  0.695E+00  0.000E+00  0.000E+00  0.000E+00  0.000E+00  0.000E+00  0.000E+00  0.000E+00
 217   -0.262E+01  0.964E+00  0.964E+00  0.964E+00  0.695E+00  0.695E+00  0.000E+00  0.000E+00  0.000E+00  0.000E+00  0.000E+00  0.000E+00  0.000E+00
 218   -0.264E+01  0.964E+00  0.964E+00  0.964E+00  0.695E+00  0.695E+00  0.000E+00  0.000E+00  0.000E+00  0.000E+00  0.000E+00  0.000E+00  0.000E+00
 219   -0.266E+01  0.964E+00  0.964E+00  0.964E+00  0.695E+00  0.695E+00  0.000E+00  0.000E+00  0.000E+00  0.000E+00  0.000E+00  0.000E+00  0.000E+00
 220   -0.268E+01  0.964E+00  0.964E+00  0.964E+00  0.695E+00  0.695E+00  0.000E+00  0.000E+00  0.000E+00  0.000E+00  0.000E+00  0.000E+00  0.000E+00
 221   -0.270E+01  0.964E+00  0.964E+00  0.964E+00  0.695E+00  0.695E+00  0.000E+00  0.000E+00  0.000E+00  0.000E+00  0.000E+00  0.000E+00  0.000E+00
 222   -0.272E+01  0.964E+00  0.964E+00  0.964E+00  0.695E+00  0.695E+00  0.000E+00  0.000E+00  0.000E+00  0.000E+00  0.000E+00  0.000E+00  0.000E+00
 223   -0.275E+01  0.964E+00  0.964E+00  0.964E+00  0.695E+00  0.695E+00  0.000E+00  0.000E+00  0.000E+00  0.000E+00  0.000E+00  0.000E+00  0.000E+00
 224   -0.277E+01  0.964E+00  0.964E+00  0.964E+00  0.695E+00  0.695E+00  0.000E+00  0.000E+00  0.000E+00  0.000E+00  0.000E+00  0.000E+00  0.000E+00
 225   -0.279E+01  0.964E+00  0.964E+00  0.964E+00  0.695E+00  0.695E+00  0.000E+00  0.000E+00  0.000E+00  0.000E+00  0.000E+00  0.000E+00  0.000E+00
 226   -0.281E+01  0.964E+00  0.964E+00  0.964E+00  0.695E+00  0.695E+00  0.000E+00  0.000E+00  0.000E+00  0.000E+00  0.000E+00  0.000E+00  0.000E+00
 227   -0.283E+01  0.964E+00  0.964E+00  0.964E+00  0.695E+00  0.695E+00  0.000E+00  0.000E+00  0.000E+00  0.000E+00  0.000E+00  0.000E+00  0.000E+00
 228   -0.285E+01  0.964E+00  0.964E+00  0.964E+00  0.695E+00  0.695E+00  0.000E+00  0.000E+00  0.000E+00  0.000E+00  0.000E+00  0.000E+00  0.000E+00
 229   -0.287E+01  0.964E+00  0.964E+00  0.964E+00  0.695E+00  0.695E+00  0.000E+00  0.000E+00  0.000E+00  0.000E+00  0.000E+00  0.000E+00  0.000E+00
 230   -0.290E+01  0.964E+00  0.964E+00  0.964E+00  0.695E+00  0.695E+00  0.000E+00  0.000E+00  0.000E+00  0.000E+00  0.000E+00  0.000E+00  0.000E+00
 231   -0.292E+01  0.964E+00  0.964E+00  0.964E+00  0.695E+00  0.695E+00  0.000E+00  0.000E+00  0.000E+00  0.000E+00  0.000E+00  0.000E+00  0.000E+00
 232   -0.294E+01  0.964E+00  0.964E+00  0.964E+00  0.695E+00  0.695E+00  0.000E+00  0.000E+00  0.000E+00  0.000E+00  0.000E+00  0.000E+00  0.000E+00
 233   -0.297E+01  0.964E+00  0.964E+00  0.964E+00  0.695E+00  0.695E+00  0.000E+00  0.000E+00  0.000E+00  0.000E+00  0.000E+00  0.000E+00  0.000E+00
 234   -0.299E+01  0.964E+00  0.964E+00  0.964E+00  0.695E+00  0.695E+00  0.000E+00  0.000E+00  0.000E+00  0.000E+00  0.000E+00  0.000E+00  0.000E+00
 235   -0.301E+01  0.964E+00  0.964E+00  0.964E+00  0.695E+00  0.695E+00  0.000E+00  0.000E+00  0.000E+00  0.000E+00  0.000E+00  0.000E+00  0.000E+00
 236   -0.304E+01  0.964E+00  0.964E+00  0.964E+00  0.695E+00  0.695E+00  0.000E+00  0.000E+00  0.000E+00  0.000E+00  0.000E+00  0.000E+00  0.000E+00
 237   -0.306E+01  0.964E+00  0.964E+00  0.964E+00  0.695E+00  0.695E+00  0.000E+00  0.000E+00  0.000E+00  0.000E+00  0.000E+00  0.000E+00  0.000E+00
 238   -0.309E+01  0.964E+00  0.964E+00  0.964E+00  0.695E+00  0.695E+00  0.000E+00  0.000E+00  0.000E+00  0.000E+00  0.000E+00  0.000E+00  0.000E+00
 239   -0.311E+01  0.964E+00  0.964E+00  0.964E+00  0.695E+00  0.695E+00  0.000E+00  0.000E+00  0.000E+00  0.000E+00  0.000E+00  0.000E+00  0.000E+00
 240   -0.313E+01  0.964E+00  0.964E+00  0.964E+00  0.695E+00  0.695E+00  0.000E+00  0.000E+00  0.000E+00  0.000E+00  0.000E+00  0.000E+00  0.000E+00
 241    0.922E+00  0.922E+00  0.922E+00  0.000E+00
