        0.0   0.00000E+00   0.00000E+00   0.00000E+00   0.00000E+00   0.00000E+00   0.00000E+00   0.00000E+00   0.00000E+00   0.00000E+00   0.00000E+00   0.00000E+00   0.00000E+00
        3.1   0.18789E-40  -0.48021E-41   0.00000E+00   0.96389E-40  -0.15407E-40   0.00000E+00   0.66148E-40   0.10569E-41   0.00000E+00  -0.81895E-39   0.40774E-41   0.00000E+00
        6.3   0.30314E-25  -0.54499E-28   0.00000E+00   0.11409E-23   0.12751E-25   0.00000E+00   0.81587E-23   0.34339E-26   0.00000E+00   0.54762E-22   0.53667E-26   0.00000E+00
        9.4   0.54494E-09  -0.11297E-10   0.00000E+00   0.10504E-07  -0.31930E-10   0.00000E+00  -0.16815E-06   0.86383E-10   0.00000E+00  -0.42027E-06   0.20787E-09   0.00000E+00
       12.5   0.10730E+08  -0.94808E+05   0.00000E+00   0.33395E+08  -0.16708E+07   0.00000E+00  -0.89590E+10   0.32323E+07   0.00000E+00  -0.32757E+11   0.10226E+08   0.00000E+00
       15.7   0.58450E+24  -0.76574E+21   0.00000E+00  -0.93558E+25  -0.15302E+24   0.00000E+00  -0.25861E+27   0.10114E+24   0.00000E+00  -0.10075E+28   0.32644E+24   0.00000E+00
       18.8   0.41384E+41   0.35694E+39   0.00000E+00  -0.10754E+43  -0.93503E+40   0.00000E+00  -0.25603E+43   0.16820E+40   0.00000E+00  -0.14938E+44   0.27443E+40   0.00000E+00
       22.0   0.33875E+58   0.46546E+56   0.00000E+00  -0.33279E+59  -0.16836E+57   0.00000E+00   0.93158E+60  -0.17811E+57   0.00000E+00   0.31600E+61  -0.90797E+57   0.00000E+00
       25.1   0.14518E+75   0.13133E+74   0.00000E+00  -0.25814E+76   0.34126E+74   0.00000E+00   0.15822E+78  -0.30581E+74   0.00000E+00   0.58205E+78  -0.11806E+75   0.00000E+00
       28.2  -0.27636E+92   0.18063E+90   0.00000E+00   0.73984E+92   0.14825E+91   0.00000E+00   0.19348E+95  -0.43227E+91   0.00000E+00   0.71257E+95  -0.14194E+92   0.00000E+00
