 dt,beta=   0.313583840000000       6.152414092535767E-003
 amp =   1.000000000000000E-023
 peritr,ifluid=                      0                     1
 tor,nonlin(1:2),nonline=    1.00000000000000                          0
                     0                     0
 isuni=                      0 amie=    1838.23529411765     
 kxcut,kycut,bcut,wecut=    1.50000000000000       0.211207292817267     
   3000.00000000000        2.00000000000000     
 fradi,isg=   0.000000000000000E+000  0.000000000000000E+000
 llk,mlk,onemd =                     0                     1
                     1
 vcut=    15.0000000000000     
 rneu=   0.000000000000000E+000
 V-ExB switch=   0.000000000000000E+000
 V-parallel switch=   0.000000000000000E+000
 tot mmi,tot mme=               15728640              15728640
 pzcrite,encrit =    19.6688882659230       0.163602268600000     
 lxa,lymult,delra,r0a,rina,routa=  0.800000000000000     
   16.0000000000000       5.000000000000000E-002  0.500000000000000     
  0.100000000000000       0.900000000000000     
 a,r0,rmaj0,q0,lx,ly,lz=   232.275726096468        116.137863048234     
   678.962183526970       -1.39370248000000        185.820580877175     
   32.7237935097121        5945.59779686755     
 t0,kyrhoi_local=  0.818011343000000       0.245590116753767     
 isonew,nzcrt,nzsrc=                     0                     4
                     0
        0.0   0.503E-23   0.321E-27   0.000E+00   0.000E+00   0.000E+00   0.000E+00   0.000E+00   0.000E+00   0.000E+00   0.478E-21  -0.440E-21   0.650E-21
        3.1   0.144E-20   0.357E-21   0.299E-45   0.106E-44  -0.764E-46  -0.170E-45   0.771E-22   0.000E+00   0.456E-20  -0.176E-16   0.724E-17   0.190E-16
        6.3   0.697E-13   0.318E-13   0.482E-30   0.126E-28  -0.867E-33   0.141E-30   0.704E-14   0.000E+00   0.458E-12  -0.369E-09   0.124E-09   0.389E-09
        9.4   0.147E-04   0.966E-05   0.866E-14   0.116E-12  -0.180E-15  -0.353E-15   0.147E-05   0.000E+00   0.109E-03  -0.218E-01   0.101E-01   0.241E-01
       12.5   0.481E+04   0.356E+04   0.171E+03   0.369E+03  -0.151E+01  -0.185E+02   0.448E+03   0.000E+00   0.348E+05  -0.459E+07   0.291E+07   0.543E+07
       15.7   0.197E+13   0.131E+13   0.929E+19  -0.103E+21  -0.122E+17  -0.169E+19   0.155E+12   0.000E+00   0.122E+14  -0.143E+16   0.105E+16   0.177E+16
       18.8   0.842E+21   0.481E+21   0.658E+36  -0.119E+38   0.568E+34  -0.103E+36   0.556E+20   0.000E+00   0.437E+22  -0.447E+24   0.470E+24   0.649E+24
       22.0   0.281E+30   0.175E+30   0.539E+53  -0.368E+54   0.740E+51  -0.186E+52   0.200E+29   0.000E+00   0.158E+31  -0.200E+33   0.154E+33   0.253E+33
       25.1   0.991E+38   0.635E+38   0.231E+70  -0.285E+71   0.209E+69   0.377E+69   0.723E+37   0.000E+00   0.570E+39  -0.674E+41   0.494E+41   0.835E+41
       28.2   0.322E+47   0.230E+47  -0.439E+87   0.817E+87   0.287E+85   0.164E+86   0.261E+46   0.000E+00   0.206E+48  -0.472E+48   0.226E+50   0.226E+50
