 xu,omegau,vu,debye =   2.540544601526370E-003   200275000.000000     
   508807.570070694       4.679660401852950E-004
 q0,q0p,shat0,rmaj0,dr,a,rin,rout=  -1.39370248000000     
 -9.613757483520132E-003  0.801118794019794        1.72493371000000     
  1.967022806666667E-003  0.590106842000000       5.901068419999999E-002
  0.531096157800000     
 capte(nr/2),capti(nr/2),capne(nr/2),capni(nr/2)   7.15836456792071     
   7.15836456792071        2.29976586064242        2.29976586064242     
 bdcrvb=  3.085964447169818E-003  8.663428202619572E-007
 curvbz=  1.643347926516087E-003  5.071703929136715E-004
 psip2=   1.04612924593420       2.208730908052579E-003
 dipdr=  0.157114521419143       0.000000000000000E+000
 gr=   1.21895779134082       0.847723630825722     
 gth=  4.314988073723315E-002  4.505443209426344E-003
 grcgt=  4.361479410312132E-002  3.822079868990264E-003
     0 -0.944145416E+00  0.678939647E+03  0.100000000E+01  0.100000000E+01  0.108401192E+01  0.108401192E+01  0.000000000E+00  0.000000000E+00  0.000000000E+00  0.000000000E+00
     1 -0.944871461E+00  0.678878141E+03  0.100000000E+01  0.100000000E+01  0.108401192E+01  0.108401192E+01  0.000000000E+00  0.000000000E+00  0.000000000E+00  0.000000000E+00
     2 -0.945636331E+00  0.678814812E+03  0.100000000E+01  0.100000000E+01  0.108401192E+01  0.108401192E+01  0.000000000E+00  0.000000000E+00  0.000000000E+00  0.000000000E+00
     3 -0.946441336E+00  0.678749679E+03  0.100000000E+01  0.100000000E+01  0.108401192E+01  0.108401192E+01  0.000000000E+00  0.000000000E+00  0.000000000E+00  0.000000000E+00
     4 -0.947287829E+00  0.678682764E+03  0.100000000E+01  0.100000000E+01  0.108401192E+01  0.108401192E+01  0.000000000E+00  0.000000000E+00  0.000000000E+00  0.000000000E+00
     5 -0.948177646E+00  0.678614090E+03  0.100000000E+01  0.100000000E+01  0.108401192E+01  0.108401192E+01  0.000000000E+00  0.000000000E+00  0.000000000E+00  0.000000000E+00
     6 -0.949112966E+00  0.678543682E+03  0.100000000E+01  0.100000000E+01  0.108401192E+01  0.108401192E+01  0.000000000E+00  0.000000000E+00  0.000000000E+00  0.000000000E+00
     7 -0.950095644E+00  0.678471560E+03  0.100000000E+01  0.100000000E+01  0.108401192E+01  0.108401192E+01  0.000000000E+00  0.000000000E+00  0.000000000E+00  0.000000000E+00
     8 -0.951125976E+00  0.678397748E+03  0.100000000E+01  0.100000000E+01  0.108401192E+01  0.108401192E+01  0.000000000E+00  0.000000000E+00  0.000000000E+00  0.000000000E+00
     9 -0.952203747E+00  0.678322270E+03  0.100000000E+01  0.100000000E+01  0.108401192E+01  0.108401192E+01  0.000000000E+00  0.000000000E+00  0.000000000E+00  0.000000000E+00
    10 -0.953328911E+00  0.678245144E+03  0.100000000E+01  0.100000000E+01  0.108401192E+01  0.108401192E+01  0.000000000E+00  0.000000000E+00  0.000000000E+00  0.000000000E+00
    11 -0.954501586E+00  0.678166398E+03  0.100000000E+01  0.100000000E+01  0.108401192E+01  0.108401192E+01  0.000000000E+00  0.000000000E+00  0.000000000E+00  0.000000000E+00
    12 -0.955721503E+00  0.678086057E+03  0.100000000E+01  0.100000000E+01  0.108401192E+01  0.108401192E+01  0.000000000E+00  0.000000000E+00  0.000000000E+00  0.000000000E+00
    13 -0.956987637E+00  0.678004143E+03  0.100000000E+01  0.100000000E+01  0.108401192E+01  0.108401192E+01  0.000000000E+00  0.000000000E+00  0.000000000E+00  0.000000000E+00
    14 -0.958298969E+00  0.677920689E+03  0.100000000E+01  0.100000000E+01  0.108401192E+01  0.108401192E+01  0.000000000E+00  0.000000000E+00  0.000000000E+00  0.000000000E+00
    15 -0.959655926E+00  0.677835715E+03  0.100000000E+01  0.100000000E+01  0.108401192E+01  0.108401192E+01  0.000000000E+00  0.000000000E+00  0.000000000E+00  0.000000000E+00
    16 -0.961059352E+00  0.677749255E+03  0.100000000E+01  0.100000000E+01  0.108401192E+01  0.108401192E+01  0.000000000E+00  0.000000000E+00  0.000000000E+00  0.000000000E+00
    17 -0.962509961E+00  0.677661331E+03  0.100000000E+01  0.100000000E+01  0.108401192E+01  0.108401192E+01  0.000000000E+00  0.000000000E+00  0.000000000E+00  0.000000000E+00
    18 -0.964008285E+00  0.677571977E+03  0.100000000E+01  0.100000000E+01  0.108401192E+01  0.108401192E+01  0.000000000E+00  0.000000000E+00  0.000000000E+00  0.000000000E+00
    19 -0.965553942E+00  0.677481215E+03  0.100000000E+01  0.100000000E+01  0.108401192E+01  0.108401192E+01  0.000000000E+00  0.000000000E+00  0.000000000E+00  0.000000000E+00
    20 -0.967146065E+00  0.677389079E+03  0.100000000E+01  0.100000000E+01  0.108401192E+01  0.108401192E+01  0.000000000E+00  0.000000000E+00  0.000000000E+00  0.000000000E+00
    21 -0.968784045E+00  0.677295596E+03  0.100000000E+01  0.100000000E+01  0.108401192E+01  0.108401192E+01  0.000000000E+00  0.000000000E+00  0.000000000E+00  0.000000000E+00
    22 -0.970467706E+00  0.677200793E+03  0.100000000E+01  0.100000000E+01  0.108401192E+01  0.108401192E+01  0.000000000E+00  0.000000000E+00  0.000000000E+00  0.000000000E+00
    23 -0.972198710E+00  0.677104703E+03  0.100000000E+01  0.100000000E+01  0.108401192E+01  0.108401192E+01  0.000000000E+00  0.000000000E+00  0.000000000E+00  0.000000000E+00
    24 -0.973978703E+00  0.677007356E+03  0.100000000E+01  0.100000000E+01  0.108401192E+01  0.108401192E+01  0.000000000E+00  0.000000000E+00  0.000000000E+00  0.000000000E+00
    25 -0.975807299E+00  0.676908784E+03  0.100000000E+01  0.100000000E+01  0.108401192E+01  0.108401192E+01  0.000000000E+00  0.000000000E+00  0.000000000E+00  0.000000000E+00
    26 -0.977683770E+00  0.676809018E+03  0.100000000E+01  0.100000000E+01  0.108401192E+01  0.108401192E+01  0.000000000E+00  0.000000000E+00  0.000000000E+00  0.000000000E+00
    27 -0.979607529E+00  0.676708089E+03  0.100000000E+01  0.100000000E+01  0.108401192E+01  0.108401192E+01  0.000000000E+00  0.000000000E+00  0.000000000E+00  0.000000000E+00
    28 -0.981578029E+00  0.676606025E+03  0.100000000E+01  0.100000000E+01  0.108401192E+01  0.108401192E+01  0.000000000E+00  0.000000000E+00  0.000000000E+00  0.000000000E+00
    29 -0.983595066E+00  0.676502862E+03  0.100000000E+01  0.100000000E+01  0.108401192E+01  0.108401192E+01  0.000000000E+00  0.000000000E+00  0.000000000E+00  0.000000000E+00
    30 -0.985660126E+00  0.676398629E+03  0.100000000E+01  0.100000000E+01  0.108401192E+01  0.108401192E+01  0.000000000E+00  0.000000000E+00  0.000000000E+00  0.000000000E+00
    31 -0.987774405E+00  0.676293358E+03  0.100000000E+01  0.100000000E+01  0.108401192E+01  0.108401192E+01  0.000000000E+00  0.000000000E+00  0.000000000E+00  0.000000000E+00
    32 -0.989937497E+00  0.676187082E+03  0.100000000E+01  0.100000000E+01  0.108401192E+01  0.108401192E+01  0.000000000E+00  0.000000000E+00  0.000000000E+00  0.000000000E+00
    33 -0.992148893E+00  0.676079832E+03  0.100000000E+01  0.100000000E+01  0.108401192E+01  0.108401192E+01  0.000000000E+00  0.000000000E+00  0.000000000E+00  0.000000000E+00
    34 -0.994408091E+00  0.675971642E+03  0.100000000E+01  0.100000000E+01  0.108401192E+01  0.108401192E+01  0.000000000E+00  0.000000000E+00  0.000000000E+00  0.000000000E+00
    35 -0.996714566E+00  0.675862544E+03  0.100000000E+01  0.100000000E+01  0.108401192E+01  0.108401192E+01  0.000000000E+00  0.000000000E+00  0.000000000E+00  0.000000000E+00
    36 -0.999068691E+00  0.675752567E+03  0.100000000E+01  0.100000000E+01  0.108401192E+01  0.108401192E+01  0.000000000E+00  0.000000000E+00  0.000000000E+00  0.000000000E+00
    37 -0.100147152E+01  0.675641742E+03  0.100000000E+01  0.100000000E+01  0.108401192E+01  0.108401192E+01  0.000000000E+00  0.000000000E+00  0.000000000E+00  0.000000000E+00
    38 -0.100392382E+01  0.675530106E+03  0.100000000E+01  0.100000000E+01  0.108401192E+01  0.108401192E+01  0.000000000E+00  0.000000000E+00  0.000000000E+00  0.000000000E+00
    39 -0.100642564E+01  0.675417690E+03  0.100000000E+01  0.100000000E+01  0.108401192E+01  0.108401192E+01  0.000000000E+00  0.000000000E+00  0.000000000E+00  0.000000000E+00
    40 -0.100897656E+01  0.675304528E+03  0.100000000E+01  0.100000000E+01  0.108401192E+01  0.108401192E+01  0.000000000E+00  0.000000000E+00  0.000000000E+00  0.000000000E+00
    41 -0.101157618E+01  0.675190654E+03  0.100000000E+01  0.100000000E+01  0.108401192E+01  0.108401192E+01  0.000000000E+00  0.000000000E+00  0.000000000E+00  0.000000000E+00
    42 -0.101422445E+01  0.675076100E+03  0.100000000E+01  0.100000000E+01  0.108401192E+01  0.108401192E+01  0.000000000E+00  0.000000000E+00  0.000000000E+00  0.000000000E+00
    43 -0.101692169E+01  0.674960897E+03  0.100000000E+01  0.100000000E+01  0.108401192E+01  0.108401192E+01  0.000000000E+00  0.000000000E+00  0.000000000E+00  0.000000000E+00
    44 -0.101966856E+01  0.674845076E+03  0.100000000E+01  0.100000000E+01  0.108401192E+01  0.108401192E+01  0.000000000E+00  0.000000000E+00  0.000000000E+00  0.000000000E+00
    45 -0.102246552E+01  0.674728667E+03  0.100000000E+01  0.100000000E+01  0.108401192E+01  0.108401192E+01  0.000000000E+00  0.000000000E+00  0.000000000E+00  0.000000000E+00
    46 -0.102531269E+01  0.674611701E+03  0.100000000E+01  0.100000000E+01  0.108401192E+01  0.108401192E+01  0.000000000E+00  0.000000000E+00  0.000000000E+00  0.000000000E+00
    47 -0.102820988E+01  0.674494213E+03  0.100000000E+01  0.100000000E+01  0.108401192E+01  0.108401192E+01  0.000000000E+00  0.000000000E+00  0.000000000E+00  0.000000000E+00
    48 -0.103115688E+01  0.674376235E+03  0.100000000E+01  0.100000000E+01  0.108401192E+01  0.108401192E+01  0.000000000E+00  0.000000000E+00  0.000000000E+00  0.000000000E+00
    49 -0.103415385E+01  0.674257802E+03  0.100000000E+01  0.100000000E+01  0.108401192E+01  0.108401192E+01  0.000000000E+00  0.000000000E+00  0.000000000E+00  0.000000000E+00
    50 -0.103720126E+01  0.674138945E+03  0.100000000E+01  0.100000000E+01  0.108401192E+01  0.108401192E+01  0.000000000E+00  0.000000000E+00  0.000000000E+00  0.000000000E+00
    51 -0.104029953E+01  0.674019691E+03  0.100000000E+01  0.100000000E+01  0.108401192E+01  0.108401192E+01  0.000000000E+00  0.000000000E+00  0.000000000E+00  0.000000000E+00
    52 -0.104344891E+01  0.673900073E+03  0.100000000E+01  0.100000000E+01  0.108401192E+01  0.108401192E+01  0.438463056E-06  0.438463056E-06  0.000000000E+00  0.000000000E+00
    53 -0.104664967E+01  0.673780121E+03  0.999999999E+00  0.999999999E+00  0.108401192E+01  0.108401192E+01  0.219231533E-05  0.219231533E-05  0.000000000E+00  0.000000000E+00
    54 -0.104990176E+01  0.673659865E+03  0.999999995E+00  0.999999995E+00  0.108401192E+01  0.108401192E+01  0.219231539E-05  0.219231539E-05  0.000000000E+00  0.000000000E+00
    55 -0.105320518E+01  0.673539339E+03  0.999999994E+00  0.999999994E+00  0.108401192E+01  0.108401192E+01 -0.219231534E-05 -0.219231534E-05  0.000000000E+00  0.000000000E+00
    56 -0.105656023E+01  0.673418569E+03  0.100000000E+01  0.100000000E+01  0.108401192E+01  0.108401192E+01 -0.114000398E-04 -0.114000398E-04  0.876926160E-06  0.876926160E-06
    57 -0.105996730E+01  0.673297589E+03  0.100000002E+01  0.100000002E+01  0.108401192E+01  0.108401192E+01 -0.876926123E-05 -0.876926123E-05  0.131538922E-05  0.131538922E-05
    58 -0.106342664E+01  0.673176425E+03  0.100000002E+01  0.100000002E+01  0.108401192E+01  0.108401192E+01  0.438463066E-05  0.438463066E-05 -0.438463106E-06 -0.438463106E-06
    59 -0.106693848E+01  0.673055110E+03  0.100000001E+01  0.100000001E+01  0.108401192E+01  0.108401192E+01  0.328847298E-04  0.328847298E-04 -0.570001988E-05 -0.570001988E-05
    60 -0.107050309E+01  0.672933671E+03  0.999999945E+00  0.999999945E+00  0.108401194E+01  0.108401194E+01  0.749771888E-04  0.749771888E-04 -0.482309366E-05 -0.482309366E-05
    61 -0.107412059E+01  0.672812136E+03  0.999999839E+00  0.999999839E+00  0.108401194E+01  0.108401194E+01  0.112246564E-03  0.112246564E-03  0.000000000E+00  0.000000000E+00
    62 -0.107779122E+01  0.672690533E+03  0.999999689E+00  0.999999689E+00  0.108401194E+01  0.108401194E+01  0.149954416E-03  0.149954416E-03  0.131538919E-04  0.131538919E-04
    63 -0.108151540E+01  0.672568890E+03  0.999999497E+00  0.999999497E+00  0.108401190E+01  0.108401190E+01  0.183716118E-03  0.183716118E-03  0.355155092E-04  0.355155092E-04
    64 -0.108529351E+01  0.672447240E+03  0.999999270E+00  0.999999270E+00  0.108401185E+01  0.108401185E+01  0.210023963E-03  0.210023963E-03  0.578771291E-04  0.578771291E-04
    65 -0.108912582E+01  0.672325609E+03  0.999999018E+00  0.999999018E+00  0.108401176E+01  0.108401176E+01  0.230193337E-03  0.230193337E-03  0.855003113E-04  0.855003113E-04
    66 -0.109301254E+01  0.672204023E+03  0.999998745E+00  0.999998745E+00  0.108401164E+01  0.108401164E+01  0.271408980E-03  0.271408980E-03  0.119261986E-03  0.119261986E-03
    67 -0.109695386E+01  0.672082508E+03  0.999998399E+00  0.999998399E+00  0.108401146E+01  0.108401146E+01  0.386725045E-03  0.386725045E-03  0.165739110E-03  0.165739110E-03
    68 -0.110095000E+01  0.671961094E+03  0.999997863E+00  0.999997863E+00  0.108401123E+01  0.108401123E+01  0.607272647E-03  0.607272647E-03  0.228000942E-03  0.228000942E-03
    69 -0.110500128E+01  0.671839807E+03  0.999997014E+00  0.999997014E+00  0.108401090E+01  0.108401090E+01  0.938752232E-03  0.938752232E-03  0.313062926E-03  0.313062926E-03
    70 -0.110910803E+01  0.671718667E+03  0.999995722E+00  0.999995722E+00  0.108401045E+01  0.108401045E+01  0.138730308E-02  0.138730308E-02  0.434079027E-03  0.434079027E-03
    71 -0.111327059E+01  0.671597701E+03  0.999993850E+00  0.999993850E+00  0.108400983E+01  0.108400983E+01  0.196038043E-02  0.196038043E-02  0.599818637E-03  0.599818637E-03
    72 -0.111748924E+01  0.671476932E+03  0.999991251E+00  0.999991251E+00  0.108400897E+01  0.108400897E+01  0.270884853E-02  0.270884853E-02  0.831328243E-03  0.831328243E-03
    73 -0.112176428E+01  0.671356388E+03  0.999987672E+00  0.999987672E+00  0.108400777E+01  0.108400777E+01  0.375372860E-02  0.375372860E-02  0.117683938E-02  0.117683938E-02
    74 -0.112609596E+01  0.671236092E+03  0.999982690E+00  0.999982690E+00  0.108400606E+01  0.108400606E+01  0.518447706E-02  0.518447706E-02  0.167186872E-02  0.167186872E-02
    75 -0.113048462E+01  0.671116071E+03  0.999975848E+00  0.999975848E+00  0.108400364E+01  0.108400364E+01  0.715808247E-02  0.715808247E-02  0.235412621E-02  0.235412621E-02
    76 -0.113493074E+01  0.670996344E+03  0.999966365E+00  0.999966365E+00  0.108400024E+01  0.108400024E+01  0.100595581E-01  0.100595581E-01  0.330823951E-02  0.330823951E-02
    77 -0.113943478E+01  0.670876939E+03  0.999952906E+00  0.999952906E+00  0.108399546E+01  0.108399546E+01  0.141757401E-01  0.141757401E-01  0.459998591E-02  0.459998591E-02
    78 -0.114399717E+01  0.670757878E+03  0.999934036E+00  0.999934036E+00  0.108398887E+01  0.108398887E+01  0.198733341E-01  0.198733341E-01  0.636486528E-02  0.636486528E-02
    79 -0.114861828E+01  0.670639185E+03  0.999907584E+00  0.999907584E+00  0.108397972E+01  0.108397972E+01  0.280203796E-01  0.280203796E-01  0.893614277E-02  0.893614277E-02
    80 -0.115329846E+01  0.670520878E+03  0.999870136E+00  0.999870136E+00  0.108396678E+01  0.108396678E+01  0.392694674E-01  0.392694674E-01  0.125629286E-01  0.125629286E-01
    81 -0.115803791E+01  0.670402977E+03  0.999818034E+00  0.999818034E+00  0.108394867E+01  0.108394867E+01  0.546788404E-01  0.546788404E-01  0.175702405E-01  0.175702405E-01
    82 -0.116283691E+01  0.670285506E+03  0.999745453E+00  0.999745453E+00  0.108392334E+01  0.108392334E+01  0.766904888E-01  0.766904888E-01  0.246914347E-01  0.246914347E-01
    83 -0.116769585E+01  0.670168486E+03  0.999643171E+00  0.999643171E+00  0.108388763E+01  0.108388763E+01  0.107091602E+00  0.107091602E+00  0.344653952E-01  0.344653952E-01
    84 -0.117261516E+01  0.670051932E+03  0.999501297E+00  0.999501297E+00  0.108383814E+01  0.108383814E+01  0.148687700E+00  0.148687700E+00  0.478018917E-01  0.478018917E-01
    85 -0.117759529E+01  0.669935868E+03  0.999304229E+00  0.999304229E+00  0.108376947E+01  0.108376947E+01  0.207406238E+00  0.207406238E+00  0.666345441E-01  0.666345441E-01
    86 -0.118263665E+01  0.669820306E+03  0.999028596E+00  0.999028596E+00  0.108367344E+01  0.108367344E+01  0.287380395E+00  0.287380395E+00  0.923060065E-01  0.923060065E-01
    87 -0.118773968E+01  0.669705271E+03  0.998649439E+00  0.998649439E+00  0.108354133E+01  0.108354133E+01  0.395158778E+00  0.395158778E+00  0.126925267E+00  0.126925267E+00
    88 -0.119290468E+01  0.669590785E+03  0.998128577E+00  0.998128577E+00  0.108335978E+01  0.108335978E+01  0.543027178E+00  0.543027178E+00  0.174447072E+00  0.174447072E+00
    89 -0.119813188E+01  0.669476862E+03  0.997413278E+00  0.997413278E+00  0.108311030E+01  0.108311030E+01  0.738824173E+00  0.738824173E+00  0.237370875E+00  0.237370875E+00
    90 -0.120342176E+01  0.669363517E+03  0.996447904E+00  0.996447904E+00  0.108277341E+01  0.108277341E+01  0.991731226E+00  0.991731226E+00  0.318653619E+00  0.318653619E+00
    91 -0.120877488E+01  0.669250768E+03  0.995159477E+00  0.995159477E+00  0.108232340E+01  0.108232340E+01  0.131628651E+01  0.131628651E+01  0.422973325E+00  0.422973325E+00
    92 -0.121419177E+01  0.669138633E+03  0.993460389E+00  0.993460389E+00  0.108172932E+01  0.108172932E+01  0.171973264E+01  0.171973264E+01  0.552570755E+00  0.552570755E+00
    93 -0.121967296E+01  0.669027126E+03  0.991262943E+00  0.991262943E+00  0.108096015E+01  0.108096015E+01  0.219474517E+01  0.219474517E+01  0.705158510E+00  0.705158510E+00
    94 -0.122521897E+01  0.668916266E+03  0.988498581E+00  0.988498581E+00  0.107999087E+01  0.107999087E+01  0.272952900E+01  0.272952900E+01  0.877090662E+00  0.877090662E+00
    95 -0.123083007E+01  0.668806068E+03  0.985109322E+00  0.985109322E+00  0.107879977E+01  0.107879977E+01  0.331590355E+01  0.331590355E+01  0.106560358E+01  0.106560358E+01
    96 -0.123650644E+01  0.668696545E+03  0.981048632E+00  0.981048632E+00  0.107736905E+01  0.107736905E+01  0.391867779E+01  0.391867779E+01  0.125928921E+01  0.125928921E+01
    97 -0.124224858E+01  0.668587707E+03  0.976341392E+00  0.976341392E+00  0.107570550E+01  0.107570550E+01  0.449495993E+01  0.449495993E+01  0.144447224E+01  0.144447224E+01
    98 -0.124805713E+01  0.668479572E+03  0.971039544E+00  0.971039544E+00  0.107382524E+01  0.107382524E+01  0.502869115E+01  0.502869115E+01  0.161598990E+01  0.161598990E+01
    99 -0.125393270E+01  0.668372152E+03  0.965204632E+00  0.965204632E+00  0.107174784E+01  0.107174784E+01  0.550198416E+01  0.550198416E+01  0.176796534E+01  0.176796534E+01
   100 -0.125987590E+01  0.668265467E+03  0.958927827E+00  0.958927827E+00  0.106950375E+01  0.106950375E+01  0.589682838E+01  0.589682838E+01  0.189468659E+01  0.189468659E+01
   101 -0.126588731E+01  0.668159522E+03  0.952308146E+00  0.952308146E+00  0.106712630E+01  0.106712630E+01  0.621257579E+01  0.621257579E+01  0.199612547E+01  0.199612547E+01
   102 -0.127196715E+01  0.668054332E+03  0.945434589E+00  0.945434589E+00  0.106464561E+01  0.106464561E+01  0.646189341E+01  0.646189341E+01  0.207620956E+01  0.207620956E+01
   103 -0.127811561E+01  0.667949909E+03  0.938374709E+00  0.938374709E+00  0.106208499E+01  0.106208499E+01  0.665402040E+01  0.665402040E+01  0.213784508E+01  0.213784508E+01
   104 -0.128433323E+01  0.667846262E+03  0.931194018E+00  0.931194018E+00  0.105946712E+01  0.105946712E+01  0.679576872E+01  0.679576872E+01  0.218336166E+01  0.218336166E+01
   105 -0.129062073E+01  0.667743402E+03  0.923942070E+00  0.923942070E+00  0.105680929E+01  0.105680929E+01  0.690156094E+01  0.690156094E+01  0.221732051E+01  0.221732051E+01
   106 -0.129697879E+01  0.667641338E+03  0.916650849E+00  0.916650849E+00  0.105412281E+01  0.105412281E+01  0.697947798E+01  0.697947798E+01  0.224230811E+01  0.224230811E+01
   107 -0.130340812E+01  0.667540083E+03  0.909350774E+00  0.909350774E+00  0.105141849E+01  0.105141849E+01  0.703474881E+01  0.703474881E+01  0.226006399E+01  0.226006399E+01
   108 -0.130990926E+01  0.667439647E+03  0.902061127E+00  0.902061127E+00  0.104870326E+01  0.104870326E+01  0.707519010E+01  0.707519010E+01  0.227305797E+01  0.227305797E+01
   109 -0.131648245E+01  0.667340039E+03  0.894794807E+00  0.894794807E+00  0.104598185E+01  0.104598185E+01  0.710403427E+01  0.710403427E+01  0.228233681E+01  0.228233681E+01
   110 -0.132312787E+01  0.667241264E+03  0.887563548E+00  0.887563548E+00  0.104325860E+01  0.104325860E+01  0.712413236E+01  0.712413236E+01  0.228881795E+01  0.228881795E+01
   111 -0.132984616E+01  0.667143333E+03  0.880373706E+00  0.880373706E+00  0.104053594E+01  0.104053594E+01  0.713862553E+01  0.713862553E+01  0.229348080E+01  0.229348080E+01
   112 -0.133663814E+01  0.667046253E+03  0.873230167E+00  0.873230167E+00  0.103781584E+01  0.103781584E+01  0.714854840E+01  0.714854840E+01  0.229666397E+01  0.229666397E+01
   113 -0.134350461E+01  0.666950033E+03  0.866136867E+00  0.866136867E+00  0.103509988E+01  0.103509988E+01  0.715521121E+01  0.715521121E+01  0.229879026E+01  0.229879026E+01
   114 -0.135044631E+01  0.666854680E+03  0.859095813E+00  0.859095813E+00  0.103238898E+01  0.103238898E+01  0.715963816E+01  0.715963816E+01  0.230018584E+01  0.230018584E+01
   115 -0.135746380E+01  0.666760201E+03  0.852108741E+00  0.852108741E+00  0.102968395E+01  0.102968395E+01  0.716219631E+01  0.716219631E+01  0.230098203E+01  0.230098203E+01
   116 -0.136455729E+01  0.666666599E+03  0.845176807E+00  0.845176807E+00  0.102698537E+01  0.102698537E+01  0.716341316E+01  0.716341316E+01  0.230136809E+01  0.230136809E+01
   117 -0.137172711E+01  0.666573885E+03  0.838300621E+00  0.838300621E+00  0.102429359E+01  0.102429359E+01  0.716356905E+01  0.716356905E+01  0.230144159E+01  0.230144159E+01
   118 -0.137897398E+01  0.666482061E+03  0.831480729E+00  0.831480729E+00  0.102160897E+01  0.102160897E+01  0.716274471E+01  0.716274471E+01  0.230120347E+01  0.230120347E+01
   119 -0.138629881E+01  0.666391136E+03  0.824717529E+00  0.824717529E+00  0.101893184E+01  0.101893184E+01  0.716103163E+01  0.716103163E+01  0.230065190E+01  0.230065190E+01
   120 -0.139370248E+01  0.666301110E+03  0.818011343E+00  0.818011343E+00  0.101626255E+01  0.101626255E+01  0.715836457E+01  0.715836457E+01  0.229976586E+01  0.229976586E+01
   121 -0.140118576E+01  0.666211993E+03  0.811362645E+00  0.811362645E+00  0.101360148E+01  0.101360148E+01  0.715440173E+01  0.715440173E+01  0.229846589E+01  0.229846589E+01
   122 -0.140874917E+01  0.666123785E+03  0.804772339E+00  0.804772339E+00  0.101094915E+01  0.101094915E+01  0.714882869E+01  0.714882869E+01  0.229667895E+01  0.229667895E+01
   123 -0.141639294E+01  0.666036491E+03  0.798241404E+00  0.798241404E+00  0.100830611E+01  0.100830611E+01  0.714118112E+01  0.714118112E+01  0.229424254E+01  0.229424254E+01
   124 -0.142411747E+01  0.665950118E+03  0.791771503E+00  0.791771503E+00  0.100567322E+01  0.100567322E+01  0.713062522E+01  0.713062522E+01  0.229085187E+01  0.229085187E+01
   125 -0.143192365E+01  0.665864663E+03  0.785365004E+00  0.785365004E+00  0.100305173E+01  0.100305173E+01  0.711645211E+01  0.711645211E+01  0.228626976E+01  0.228626976E+01
   126 -0.143981246E+01  0.665780134E+03  0.779024677E+00  0.779024677E+00  0.100044303E+01  0.100044303E+01  0.709692359E+01  0.709692359E+01  0.227996310E+01  0.227996310E+01
   127 -0.144778487E+01  0.665696529E+03  0.772755781E+00  0.772755781E+00  0.997849533E+00  0.997849533E+00  0.706987088E+01  0.706987088E+01  0.227127865E+01  0.227127865E+01
   128 -0.145584160E+01  0.665613856E+03  0.766564600E+00  0.766564600E+00  0.995274080E+00  0.995274080E+00  0.703317287E+01  0.703317287E+01  0.225954039E+01  0.225954039E+01
   129 -0.146398312E+01  0.665532112E+03  0.760459691E+00  0.760459691E+00  0.992720567E+00  0.992720567E+00  0.698227322E+01  0.698227322E+01  0.224320437E+01  0.224320437E+01
   130 -0.147220980E+01  0.665451300E+03  0.754454715E+00  0.754454715E+00  0.990195259E+00  0.990195259E+00  0.691304118E+01  0.691304118E+01  0.222092460E+01  0.222092460E+01
   131 -0.148052213E+01  0.665371422E+03  0.748564558E+00  0.748564558E+00  0.987704981E+00  0.987704981E+00  0.681937652E+01  0.681937652E+01  0.219076165E+01  0.219076165E+01
   132 -0.148892111E+01  0.665292481E+03  0.742812358E+00  0.742812358E+00  0.985260234E+00  0.985260234E+00  0.669158357E+01  0.669158357E+01  0.214962917E+01  0.214962917E+01
   133 -0.149740786E+01  0.665214475E+03  0.737228162E+00  0.737228162E+00  0.982874599E+00  0.982874599E+00  0.652253191E+01  0.652253191E+01  0.209532958E+01  0.209532958E+01
   134 -0.150598329E+01  0.665137405E+03  0.731845427E+00  0.731845427E+00  0.980563268E+00  0.980563268E+00  0.630047237E+01  0.630047237E+01  0.202399101E+01  0.202399101E+01
   135 -0.151464804E+01  0.665061270E+03  0.726711947E+00  0.726711947E+00  0.978348218E+00  0.978348218E+00  0.601282691E+01  0.601282691E+01  0.193152695E+01  0.193152695E+01
   136 -0.152340266E+01  0.664986068E+03  0.721879723E+00  0.721879723E+00  0.976253427E+00  0.976253427E+00  0.565469189E+01  0.565469189E+01  0.181645886E+01  0.181645886E+01
   137 -0.153224748E+01  0.664911801E+03  0.717402138E+00  0.717402138E+00  0.974303808E+00  0.974303808E+00  0.522266142E+01  0.522266142E+01  0.167761471E+01  0.167761471E+01
   138 -0.154118319E+01  0.664838468E+03  0.713334537E+00  0.713334537E+00  0.972525619E+00  0.972525619E+00  0.471651427E+01  0.471651427E+01  0.151492410E+01  0.151492410E+01
   139 -0.155021099E+01  0.664766069E+03  0.709728852E+00  0.709728852E+00  0.970943656E+00  0.970943656E+00  0.415643126E+01  0.415643126E+01  0.133500885E+01  0.133500885E+01
   140 -0.155933202E+01  0.664694602E+03  0.706606629E+00  0.706606629E+00  0.969569342E+00  0.969569342E+00  0.357094661E+01  0.357094661E+01  0.114698234E+01  0.114698234E+01
   141 -0.156854714E+01  0.664624065E+03  0.703974081E+00  0.703974081E+00  0.968407345E+00  0.968407345E+00  0.298067081E+01  0.298067081E+01  0.957376068E+00  0.957376068E+00
   142 -0.157785705E+01  0.664554457E+03  0.701821015E+00  0.701821015E+00  0.967454842E+00  0.967454842E+00  0.242108708E+01  0.242108708E+01  0.777672450E+00  0.777672450E+00
   143 -0.158726232E+01  0.664485774E+03  0.700098795E+00  0.700098795E+00  0.966691435E+00  0.966691435E+00  0.192158195E+01  0.192158195E+01  0.617255248E+00  0.617255248E+00
   144 -0.159676339E+01  0.664418018E+03  0.698752804E+00  0.698752804E+00  0.966093963E+00  0.966093963E+00  0.149013029E+01  0.149013029E+01  0.478629427E+00  0.478629427E+00
   145 -0.160636127E+01  0.664351182E+03  0.697724062E+00  0.697724062E+00  0.965636840E+00  0.965636840E+00  0.113272842E+01  0.113272842E+01  0.363845470E+00  0.363845470E+00
   146 -0.161605726E+01  0.664285265E+03  0.696950299E+00  0.696950299E+00  0.965292658E+00  0.965292658E+00  0.849726529E+00  0.849726529E+00  0.273001959E+00  0.273001959E+00
   147 -0.162585248E+01  0.664220266E+03  0.696373396E+00  0.696373396E+00  0.965035816E+00  0.965035816E+00  0.629752473E+00  0.629752473E+00  0.202369961E+00  0.202369961E+00
   148 -0.163574773E+01  0.664156180E+03  0.695950117E+00  0.695950117E+00  0.964847251E+00  0.964847251E+00  0.461516087E+00  0.461516087E+00  0.148294165E+00  0.148294165E+00
   149 -0.164574376E+01  0.664093003E+03  0.695640855E+00  0.695640855E+00  0.964709492E+00  0.964709492E+00  0.337004251E+00  0.337004251E+00  0.108217570E+00  0.108217570E+00
   150 -0.165584111E+01  0.664030735E+03  0.695415445E+00  0.695415445E+00  0.964609150E+00  0.964609150E+00  0.244364278E+00  0.244364278E+00  0.784152466E-01  0.784152466E-01
   151 -0.166604041E+01  0.663969366E+03  0.695253286E+00  0.695253286E+00  0.964536980E+00  0.964536980E+00  0.176378937E+00  0.176378937E+00  0.566050028E-01  0.566050028E-01
   152 -0.167634296E+01  0.663908900E+03  0.695135768E+00  0.695135768E+00  0.964484630E+00  0.964484630E+00  0.127314267E+00  0.127314267E+00  0.408941230E-01  0.408941230E-01
   153 -0.168675005E+01  0.663849327E+03  0.695051443E+00  0.695051443E+00  0.964447025E+00  0.964447025E+00  0.913235202E-01  0.913235202E-01  0.293523846E-01  0.293523846E-01
   154 -0.169726272E+01  0.663790644E+03  0.694991002E+00  0.694991002E+00  0.964420066E+00  0.964420066E+00  0.656390866E-01  0.656390866E-01  0.210957680E-01  0.210957680E-01
   155 -0.170788181E+01  0.663732848E+03  0.694947401E+00  0.694947401E+00  0.964400624E+00  0.964400624E+00  0.470780936E-01  0.470780936E-01  0.151377077E-01  0.151377077E-01
   156 -0.171860794E+01  0.663675932E+03  0.694916385E+00  0.694916385E+00  0.964386771E+00  0.964386771E+00  0.336067172E-01  0.336067172E-01  0.108397697E-01  0.108397697E-01
   157 -0.172944181E+01  0.663619893E+03  0.694894138E+00  0.694894138E+00  0.964376783E+00  0.964376783E+00  0.240623545E-01  0.240623545E-01  0.779649416E-02  0.779649416E-02
   158 -0.174038444E+01  0.663564727E+03  0.694878250E+00  0.694878250E+00  0.964369623E+00  0.964369623E+00  0.172431361E-01  0.172431361E-01  0.558508931E-02  0.558508931E-02
   159 -0.175143732E+01  0.663510425E+03  0.694866811E+00  0.694866811E+00  0.964364498E+00  0.964364498E+00  0.125020632E-01  0.125020632E-01  0.401042298E-02  0.401042298E-02
   160 -0.176260170E+01  0.663456985E+03  0.694858437E+00  0.694858437E+00  0.964360802E+00  0.964360802E+00  0.904869260E-02  0.904869260E-02  0.287192138E-02  0.287192138E-02
   161 -0.177387855E+01  0.663404401E+03  0.694852471E+00  0.694852471E+00  0.964358182E+00  0.964358182E+00  0.638398947E-02  0.638398947E-02  0.203602874E-02  0.203602874E-02
   162 -0.178526883E+01  0.663352667E+03  0.694848320E+00  0.694848320E+00  0.964356324E+00  0.964356324E+00  0.443291430E-02  0.443291430E-02  0.144064959E-02  0.144064959E-02
   163 -0.179677317E+01  0.663301782E+03  0.694845446E+00  0.694845446E+00  0.964355013E+00  0.964355013E+00  0.314186072E-02  0.314186072E-02  0.102220709E-02  0.102220709E-02
   164 -0.180839241E+01  0.663251734E+03  0.694843341E+00  0.694843341E+00  0.964354076E+00  0.964354076E+00  0.236760336E-02  0.236760336E-02  0.739301891E-03  0.739301891E-03
   165 -0.182012812E+01  0.663202523E+03  0.694841694E+00  0.694841694E+00  0.964353387E+00  0.964353387E+00  0.180852008E-02  0.180852008E-02  0.534762083E-03  0.534762083E-03
   166 -0.183198161E+01  0.663154136E+03  0.694840475E+00  0.694840475E+00  0.964352900E+00  0.964352900E+00  0.128287780E-02  0.128287780E-02  0.374087213E-03  0.374087213E-03
   167 -0.184395405E+01  0.663106571E+03  0.694839661E+00  0.694839661E+00  0.964352565E+00  0.964352565E+00  0.850625330E-03  0.850625330E-03  0.262699017E-03  0.262699017E-03
   168 -0.185604644E+01  0.663059821E+03  0.694839127E+00  0.694839127E+00  0.964352322E+00  0.964352322E+00  0.597583684E-03  0.597583684E-03  0.207497775E-03  0.207497775E-03
   169 -0.186825942E+01  0.663013879E+03  0.694838714E+00  0.694838714E+00  0.964352108E+00  0.964352108E+00  0.483998900E-03  0.483998900E-03  0.189261670E-03  0.189261670E-03
   170 -0.188059389E+01  0.662968737E+03  0.694838360E+00  0.694838360E+00  0.964351906E+00  0.964351906E+00  0.363472632E-03  0.363472632E-03  0.158210961E-03  0.158210961E-03
   171 -0.189305131E+01  0.662924390E+03  0.694838138E+00  0.694838138E+00  0.964351760E+00  0.964351760E+00  0.164067560E-03  0.164067560E-03  0.887164398E-04  0.887164398E-04
   172 -0.190563319E+01  0.662880833E+03  0.694838100E+00  0.694838100E+00  0.964351710E+00  0.964351710E+00  0.189308735E-05  0.189308735E-05  0.142932049E-04  0.142932049E-04
   173 -0.191834092E+01  0.662838058E+03  0.694838135E+00  0.694838135E+00  0.964351729E+00  0.964351729E+00  0.946543619E-05  0.946543619E-05 -0.251363255E-04 -0.251363255E-04
   174 -0.193117570E+01  0.662796058E+03  0.694838085E+00  0.694838085E+00  0.964351766E+00  0.964351766E+00  0.136302291E-03  0.136302291E-03 -0.241505863E-04 -0.241505863E-04
   175 -0.194413836E+01  0.662754828E+03  0.694837919E+00  0.694837919E+00  0.964351782E+00  0.964351782E+00  0.205084514E-03  0.205084514E-03  0.542156010E-05  0.542156010E-05
   176 -0.195722980E+01  0.662714361E+03  0.694837760E+00  0.694837760E+00  0.964351754E+00  0.964351754E+00  0.130623090E-03  0.130623090E-03  0.522441261E-04  0.522441261E-04
   177 -0.197045155E+01  0.662674647E+03  0.694837712E+00  0.694837712E+00  0.964351667E+00  0.964351667E+00  0.138826481E-04  0.138826481E-04  0.842806261E-04  0.842806261E-04
   178 -0.198380519E+01  0.662635683E+03  0.694837738E+00  0.694837738E+00  0.964351568E+00  0.964351568E+00 -0.334445603E-04 -0.334445603E-04  0.699874276E-04  0.699874276E-04
   179 -0.199729219E+01  0.662597459E+03  0.694837765E+00  0.694837765E+00  0.964351513E+00  0.964351513E+00 -0.170377942E-04 -0.170377942E-04  0.246434619E-04  0.246434619E-04
   180 -0.201091383E+01  0.662559969E+03  0.694837765E+00  0.694837765E+00  0.964351514E+00  0.964351514E+00  0.631029418E-05  0.631029418E-05 -0.887164628E-05 -0.887164628E-05
   181 -0.202467105E+01  0.662523205E+03  0.694837755E+00  0.694837755E+00  0.964351533E+00  0.964351533E+00  0.757235315E-05  0.757235315E-05 -0.108431230E-04 -0.108431230E-04
   182 -0.203856467E+01  0.662487158E+03  0.694837753E+00  0.694837753E+00  0.964351538E+00  0.964351538E+00  0.000000000E+00  0.000000000E+00 -0.492869210E-06 -0.492869210E-06
   183 -0.205259629E+01  0.662451825E+03  0.694837755E+00  0.694837755E+00  0.964351534E+00  0.964351534E+00 -0.189308829E-05 -0.189308829E-05  0.345008460E-05  0.345008460E-05
   184 -0.206676766E+01  0.662417194E+03  0.694837756E+00  0.694837756E+00  0.964351530E+00  0.964351530E+00 -0.631029405E-06 -0.631029405E-06  0.147860770E-05  0.147860770E-05
   185 -0.208108033E+01  0.662383260E+03  0.694837756E+00  0.694837756E+00  0.964351530E+00  0.964351530E+00  0.000000000E+00  0.000000000E+00 -0.492869269E-06 -0.492869269E-06
   186 -0.209553563E+01  0.662350015E+03  0.694837756E+00  0.694837756E+00  0.964351532E+00  0.964351532E+00  0.631029405E-06  0.631029405E-06 -0.492869268E-06 -0.492869268E-06
   187 -0.211013475E+01  0.662317453E+03  0.694837755E+00  0.694837755E+00  0.964351532E+00  0.964351532E+00  0.000000000E+00  0.000000000E+00  0.000000000E+00  0.000000000E+00
   188 -0.212487873E+01  0.662285564E+03  0.694837756E+00  0.694837756E+00  0.964351532E+00  0.964351532E+00 -0.631029405E-06 -0.631029405E-06  0.000000000E+00  0.000000000E+00
   189 -0.213976908E+01  0.662254342E+03  0.694837756E+00  0.694837756E+00  0.964351532E+00  0.964351532E+00  0.000000000E+00  0.000000000E+00  0.000000000E+00  0.000000000E+00
   190 -0.215480781E+01  0.662223781E+03  0.694837756E+00  0.694837756E+00  0.964351532E+00  0.964351532E+00  0.000000000E+00  0.000000000E+00  0.000000000E+00  0.000000000E+00
   191 -0.216999662E+01  0.662193870E+03  0.694837756E+00  0.694837756E+00  0.964351532E+00  0.964351532E+00  0.000000000E+00  0.000000000E+00  0.000000000E+00  0.000000000E+00
   192 -0.218533686E+01  0.662164603E+03  0.694837756E+00  0.694837756E+00  0.964351532E+00  0.964351532E+00  0.000000000E+00  0.000000000E+00  0.000000000E+00  0.000000000E+00
   193 -0.220082952E+01  0.662135973E+03  0.694837756E+00  0.694837756E+00  0.964351532E+00  0.964351532E+00  0.000000000E+00  0.000000000E+00  0.000000000E+00  0.000000000E+00
   194 -0.221647600E+01  0.662107973E+03  0.694837756E+00  0.694837756E+00  0.964351532E+00  0.964351532E+00  0.000000000E+00  0.000000000E+00  0.000000000E+00  0.000000000E+00
   195 -0.223227817E+01  0.662080593E+03  0.694837756E+00  0.694837756E+00  0.964351532E+00  0.964351532E+00  0.000000000E+00  0.000000000E+00  0.000000000E+00  0.000000000E+00
   196 -0.224823793E+01  0.662053826E+03  0.694837756E+00  0.694837756E+00  0.964351532E+00  0.964351532E+00  0.000000000E+00  0.000000000E+00  0.000000000E+00  0.000000000E+00
   197 -0.226435703E+01  0.662027666E+03  0.694837756E+00  0.694837756E+00  0.964351532E+00  0.964351532E+00  0.000000000E+00  0.000000000E+00  0.000000000E+00  0.000000000E+00
   198 -0.228063676E+01  0.662002104E+03  0.694837756E+00  0.694837756E+00  0.964351532E+00  0.964351532E+00  0.000000000E+00  0.000000000E+00  0.000000000E+00  0.000000000E+00
   199 -0.229707847E+01  0.661977133E+03  0.694837756E+00  0.694837756E+00  0.964351532E+00  0.964351532E+00  0.000000000E+00  0.000000000E+00  0.000000000E+00  0.000000000E+00
   200 -0.231368381E+01  0.661952743E+03  0.694837756E+00  0.694837756E+00  0.964351532E+00  0.964351532E+00  0.000000000E+00  0.000000000E+00  0.000000000E+00  0.000000000E+00
   201 -0.233045474E+01  0.661928931E+03  0.694837756E+00  0.694837756E+00  0.964351532E+00  0.964351532E+00  0.000000000E+00  0.000000000E+00  0.000000000E+00  0.000000000E+00
   202 -0.234739338E+01  0.661905685E+03  0.694837756E+00  0.694837756E+00  0.964351532E+00  0.964351532E+00  0.000000000E+00  0.000000000E+00  0.000000000E+00  0.000000000E+00
   203 -0.236450134E+01  0.661883000E+03  0.694837756E+00  0.694837756E+00  0.964351532E+00  0.964351532E+00  0.000000000E+00  0.000000000E+00  0.000000000E+00  0.000000000E+00
   204 -0.238177999E+01  0.661860869E+03  0.694837756E+00  0.694837756E+00  0.964351532E+00  0.964351532E+00  0.000000000E+00  0.000000000E+00  0.000000000E+00  0.000000000E+00
   205 -0.239923098E+01  0.661839282E+03  0.694837756E+00  0.694837756E+00  0.964351532E+00  0.964351532E+00  0.000000000E+00  0.000000000E+00  0.000000000E+00  0.000000000E+00
   206 -0.241685620E+01  0.661818232E+03  0.694837756E+00  0.694837756E+00  0.964351532E+00  0.964351532E+00  0.000000000E+00  0.000000000E+00  0.000000000E+00  0.000000000E+00
   207 -0.243465795E+01  0.661797713E+03  0.694837756E+00  0.694837756E+00  0.964351532E+00  0.964351532E+00  0.000000000E+00  0.000000000E+00  0.000000000E+00  0.000000000E+00
   208 -0.245263815E+01  0.661777716E+03  0.694837756E+00  0.694837756E+00  0.964351532E+00  0.964351532E+00  0.000000000E+00  0.000000000E+00  0.000000000E+00  0.000000000E+00
   209 -0.247079819E+01  0.661758235E+03  0.694837756E+00  0.694837756E+00  0.964351532E+00  0.964351532E+00  0.000000000E+00  0.000000000E+00  0.000000000E+00  0.000000000E+00
   210 -0.248913979E+01  0.661739262E+03  0.694837756E+00  0.694837756E+00  0.964351532E+00  0.964351532E+00  0.000000000E+00  0.000000000E+00  0.000000000E+00  0.000000000E+00
   211 -0.250766503E+01  0.661720789E+03  0.694837756E+00  0.694837756E+00  0.964351532E+00  0.964351532E+00  0.000000000E+00  0.000000000E+00  0.000000000E+00  0.000000000E+00
   212 -0.252637619E+01  0.661702806E+03  0.694837756E+00  0.694837756E+00  0.964351532E+00  0.964351532E+00  0.000000000E+00  0.000000000E+00  0.000000000E+00  0.000000000E+00
   213 -0.254527545E+01  0.661685312E+03  0.694837756E+00  0.694837756E+00  0.964351532E+00  0.964351532E+00  0.000000000E+00  0.000000000E+00  0.000000000E+00  0.000000000E+00
   214 -0.256436441E+01  0.661668294E+03  0.694837756E+00  0.694837756E+00  0.964351532E+00  0.964351532E+00  0.000000000E+00  0.000000000E+00  0.000000000E+00  0.000000000E+00
   215 -0.258364471E+01  0.661651747E+03  0.694837756E+00  0.694837756E+00  0.964351532E+00  0.964351532E+00  0.000000000E+00  0.000000000E+00  0.000000000E+00  0.000000000E+00
   216 -0.260311877E+01  0.661635666E+03  0.694837756E+00  0.694837756E+00  0.964351532E+00  0.964351532E+00  0.000000000E+00  0.000000000E+00  0.000000000E+00  0.000000000E+00
   217 -0.262278908E+01  0.661620040E+03  0.694837756E+00  0.694837756E+00  0.964351532E+00  0.964351532E+00  0.000000000E+00  0.000000000E+00  0.000000000E+00  0.000000000E+00
   218 -0.264265754E+01  0.661604864E+03  0.694837756E+00  0.694837756E+00  0.964351532E+00  0.964351532E+00  0.000000000E+00  0.000000000E+00  0.000000000E+00  0.000000000E+00
   219 -0.266272606E+01  0.661590129E+03  0.694837756E+00  0.694837756E+00  0.964351532E+00  0.964351532E+00  0.000000000E+00  0.000000000E+00  0.000000000E+00  0.000000000E+00
   220 -0.268299674E+01  0.661575828E+03  0.694837756E+00  0.694837756E+00  0.964351532E+00  0.964351532E+00  0.000000000E+00  0.000000000E+00  0.000000000E+00  0.000000000E+00
   221 -0.270347190E+01  0.661561956E+03  0.694837756E+00  0.694837756E+00  0.964351532E+00  0.964351532E+00  0.000000000E+00  0.000000000E+00  0.000000000E+00  0.000000000E+00
   222 -0.272415406E+01  0.661548505E+03  0.694837756E+00  0.694837756E+00  0.964351532E+00  0.964351532E+00  0.000000000E+00  0.000000000E+00  0.000000000E+00  0.000000000E+00
   223 -0.274504555E+01  0.661535469E+03  0.694837756E+00  0.694837756E+00  0.964351532E+00  0.964351532E+00  0.000000000E+00  0.000000000E+00  0.000000000E+00  0.000000000E+00
   224 -0.276614833E+01  0.661522839E+03  0.694837756E+00  0.694837756E+00  0.964351532E+00  0.964351532E+00  0.000000000E+00  0.000000000E+00  0.000000000E+00  0.000000000E+00
   225 -0.278746469E+01  0.661510611E+03  0.694837756E+00  0.694837756E+00  0.964351532E+00  0.964351532E+00  0.000000000E+00  0.000000000E+00  0.000000000E+00  0.000000000E+00
   226 -0.280899743E+01  0.661498776E+03  0.694837756E+00  0.694837756E+00  0.964351532E+00  0.964351532E+00  0.000000000E+00  0.000000000E+00  0.000000000E+00  0.000000000E+00
   227 -0.283074906E+01  0.661487327E+03  0.694837756E+00  0.694837756E+00  0.964351532E+00  0.964351532E+00  0.000000000E+00  0.000000000E+00  0.000000000E+00  0.000000000E+00
   228 -0.285272159E+01  0.661476260E+03  0.694837756E+00  0.694837756E+00  0.964351532E+00  0.964351532E+00  0.000000000E+00  0.000000000E+00  0.000000000E+00  0.000000000E+00
   229 -0.287491732E+01  0.661465567E+03  0.694837756E+00  0.694837756E+00  0.964351532E+00  0.964351532E+00  0.000000000E+00  0.000000000E+00  0.000000000E+00  0.000000000E+00
   230 -0.289733914E+01  0.661455239E+03  0.694837756E+00  0.694837756E+00  0.964351532E+00  0.964351532E+00  0.000000000E+00  0.000000000E+00  0.000000000E+00  0.000000000E+00
   231 -0.291998973E+01  0.661445272E+03  0.694837756E+00  0.694837756E+00  0.964351532E+00  0.964351532E+00  0.000000000E+00  0.000000000E+00  0.000000000E+00  0.000000000E+00
   232 -0.294287137E+01  0.661435660E+03  0.694837756E+00  0.694837756E+00  0.964351532E+00  0.964351532E+00  0.000000000E+00  0.000000000E+00  0.000000000E+00  0.000000000E+00
   233 -0.296598645E+01  0.661426395E+03  0.694837756E+00  0.694837756E+00  0.964351532E+00  0.964351532E+00  0.000000000E+00  0.000000000E+00  0.000000000E+00  0.000000000E+00
   234 -0.298933785E+01  0.661417470E+03  0.694837756E+00  0.694837756E+00  0.964351532E+00  0.964351532E+00  0.000000000E+00  0.000000000E+00  0.000000000E+00  0.000000000E+00
   235 -0.301292837E+01  0.661408881E+03  0.694837756E+00  0.694837756E+00  0.964351532E+00  0.964351532E+00  0.000000000E+00  0.000000000E+00  0.000000000E+00  0.000000000E+00
   236 -0.303676083E+01  0.661400620E+03  0.694837756E+00  0.694837756E+00  0.964351532E+00  0.964351532E+00  0.000000000E+00  0.000000000E+00  0.000000000E+00  0.000000000E+00
   237 -0.306083792E+01  0.661392682E+03  0.694837756E+00  0.694837756E+00  0.964351532E+00  0.964351532E+00  0.000000000E+00  0.000000000E+00  0.000000000E+00  0.000000000E+00
   238 -0.308516246E+01  0.661385058E+03  0.694837756E+00  0.694837756E+00  0.964351532E+00  0.964351532E+00  0.000000000E+00  0.000000000E+00  0.000000000E+00  0.000000000E+00
   239 -0.310973725E+01  0.661377747E+03  0.694837756E+00  0.694837756E+00  0.964351532E+00  0.964351532E+00  0.000000000E+00  0.000000000E+00  0.000000000E+00  0.000000000E+00
   240 -0.313456531E+01  0.661370739E+03  0.694837756E+00  0.694837756E+00  0.964351532E+00  0.964351532E+00  0.000000000E+00  0.000000000E+00  0.000000000E+00  0.000000000E+00
