        0.0   0.00000E+00   0.00000E+00   0.00000E+00   0.00000E+00   0.00000E+00   0.00000E+00   0.00000E+00   0.00000E+00
        0.0   0.00000E+00   0.00000E+00   0.00000E+00   0.00000E+00   0.00000E+00   0.00000E+00   0.00000E+00   0.00000E+00
        0.0   0.00000E+00   0.00000E+00   0.00000E+00   0.00000E+00   0.00000E+00   0.00000E+00   0.00000E+00   0.00000E+00
        0.0   0.00000E+00   0.00000E+00   0.00000E+00   0.00000E+00   0.00000E+00   0.00000E+00   0.00000E+00   0.00000E+00
        3.1  -0.56494E-45   0.20090E-43  -0.16675E-41   0.99744E-40  -0.71155E-40   0.49199E-40  -0.48845E-42   0.20569E-41
        3.1   0.22895E-43  -0.10431E-44  -0.53967E-42  -0.34016E-41  -0.15981E-40   0.16138E-41  -0.61998E-43  -0.46538E-43
        3.1  -0.20565E-44  -0.10668E-42   0.11543E-40  -0.18118E-39   0.12244E-41   0.41563E-39  -0.76373E-41   0.96010E-40
        3.1   0.49926E-43  -0.80784E-44  -0.19954E-41   0.32734E-41  -0.68504E-40   0.10055E-40  -0.59194E-43  -0.27088E-42
        6.3  -0.23997E-28   0.16032E-28  -0.15225E-26   0.24427E-24  -0.18222E-26  -0.76453E-25  -0.51113E-25   0.40571E-24
        6.3  -0.27752E-26   0.75615E-30   0.18085E-29   0.11135E-25  -0.11743E-25   0.20323E-26  -0.61483E-26  -0.22335E-25
        6.3  -0.80131E-28  -0.94624E-28  -0.93178E-27   0.15210E-23   0.17218E-23   0.95992E-24   0.46285E-25   0.25066E-22
        6.3  -0.13589E-25   0.11107E-29  -0.13823E-27   0.26999E-25  -0.63323E-26   0.25603E-25  -0.34369E-26  -0.87628E-25
        9.4  -0.51164E-12  -0.37969E-13  -0.10100E-11   0.45412E-09   0.12438E-08   0.29000E-09  -0.14529E-09   0.50491E-07
        9.4   0.34716E-09  -0.10894E-14  -0.10211E-13   0.11510E-10  -0.12101E-09   0.60711E-10  -0.67540E-09  -0.31012E-08
        9.4  -0.21100E-11  -0.11906E-12  -0.40551E-11   0.55938E-08   0.18881E-07   0.12168E-07  -0.18498E-07   0.10521E-05
        9.4   0.62661E-08  -0.98872E-14  -0.35166E-13  -0.68448E-10  -0.36176E-09   0.25936E-09  -0.82062E-09  -0.14987E-07
       12.5   0.92223E+04   0.11513E+03  -0.12499E+04  -0.42469E+06   0.93140E+07   0.25244E+08  -0.30213E+09   0.14094E+10
       12.5  -0.11599E+09  -0.27250E+03   0.94253E+02   0.66818E+04  -0.14057E+07   0.90873E+06  -0.63650E+08   0.15478E+08
       12.5  -0.80615E+05   0.96528E+04  -0.86546E+05   0.15207E+08   0.74616E+08   0.28445E+08  -0.69233E+10  -0.11701E+11
       12.5  -0.46162E+09  -0.12109E+04   0.17648E+04  -0.26554E+06  -0.64242E+07   0.56037E+06  -0.84890E+08   0.27783E+09
