 0.000000000E+00 0.932766323E+00 0.360997265E+01 0.100000000E+01 0.100000000E+01
 0.100000000E+01 0.100000000E+01-0.230401942E-26-0.230401942E-26-0.530979856E-32
-0.530979856E-32 0.000000000E+00
 0.196702281E-02 0.932785931E+00 0.360996674E+01 0.100000000E+01 0.100000000E+01
 0.100000000E+01 0.100000000E+01 0.115200971E-26 0.115200971E-26 0.265489928E-32
 0.265489928E-32 0.209624278E-04
 0.393404562E-02 0.932845355E+00 0.360994877E+01 0.100000000E+01 0.100000000E+01
 0.100000000E+01 0.100000000E+01-0.230401942E-26-0.230401942E-26-0.530979856E-32
-0.530979856E-32 0.847959075E-04
 0.590106842E-02 0.932943701E+00 0.360991879E+01 0.100000000E+01 0.100000000E+01
 0.100000000E+01 0.100000000E+01 0.806406798E-26 0.806406798E-26 0.185842950E-31
 0.185842950E-31 0.191459681E-03
 0.786809123E-02 0.933079533E+00 0.360987689E+01 0.100000000E+01 0.100000000E+01
 0.100000000E+01 0.100000000E+01-0.299522525E-25-0.299522525E-25-0.690273813E-31
-0.690273813E-31 0.340912991E-03
 0.983511404E-02 0.933250910E+00 0.360982318E+01 0.100000000E+01 0.100000000E+01
 0.100000000E+01 0.100000000E+01 0.111744942E-24 0.111744942E-24 0.257525230E-30
 0.257525230E-30 0.533115080E-03
 0.118021368E-01 0.933455453E+00 0.360975781E+01 0.100000000E+01 0.100000000E+01
 0.100000000E+01 0.100000000E+01-0.417027515E-24-0.417027515E-24-0.961073540E-30
-0.961073540E-30 0.768025188E-03
 0.137691597E-01 0.933690420E+00 0.360968093E+01 0.100000000E+01 0.100000000E+01
 0.100000000E+01 0.100000000E+01 0.155636512E-23 0.155636512E-23 0.358676893E-29
 0.358676893E-29 0.104560256E-02
 0.157361825E-01 0.933952793E+00 0.360959271E+01 0.100000000E+01 0.100000000E+01
 0.100000000E+01 0.100000000E+01-0.580843296E-23-0.580843296E-23-0.133860022E-28
-0.133860022E-28 0.136580643E-02
 0.177032053E-01 0.934239397E+00 0.360949335E+01 0.100000000E+01 0.100000000E+01
 0.100000000E+01 0.100000000E+01 0.216773667E-22 0.216773667E-22 0.499572398E-28
 0.499572398E-28 0.172859606E-02
 0.196702281E-01 0.934547018E+00 0.360938303E+01 0.100000000E+01 0.100000000E+01
 0.100000000E+01 0.100000000E+01-0.809010340E-22-0.809010340E-22-0.186442957E-27
-0.186442957E-27 0.213393067E-02
 0.216372509E-01 0.934872548E+00 0.360926194E+01 0.100000000E+01 0.100000000E+01
 0.100000000E+01 0.100000000E+01 0.301926769E-21 0.301926769E-21 0.695814588E-27
 0.695814588E-27 0.258176951E-02
 0.236042737E-01 0.935213139E+00 0.360913025E+01 0.100000000E+01 0.100000000E+01
 0.100000000E+01 0.100000000E+01-0.112680604E-20-0.112680604E-20-0.259681540E-26
-0.259681540E-26 0.307207182E-02
 0.255712965E-01 0.935566380E+00 0.360898814E+01 0.100000000E+01 0.100000000E+01
 0.100000000E+01 0.100000000E+01 0.420529740E-20 0.420529740E-20 0.969144699E-26
 0.969144699E-26 0.360479685E-02
 0.275383193E-01 0.935930485E+00 0.360883571E+01 0.100000000E+01 0.100000000E+01
 0.100000000E+01 0.100000000E+01-0.156943836E-19-0.156943836E-19-0.361689726E-25
-0.361689726E-25 0.417990384E-02
 0.295053421E-01 0.936304494E+00 0.360867307E+01 0.100000000E+01 0.100000000E+01
 0.100000000E+01 0.100000000E+01 0.585722368E-19 0.585722368E-19 0.134984443E-24
 0.134984443E-24 0.479735202E-02
 0.314723649E-01 0.936688498E+00 0.360850025E+01 0.100000000E+01 0.100000000E+01
 0.100000000E+01 0.100000000E+01-0.218594564E-18-0.218594564E-18-0.503768801E-24
-0.503768801E-24 0.545710065E-02
 0.334393877E-01 0.937083868E+00 0.360831724E+01 0.100000000E+01 0.100000000E+01
 0.100000000E+01 0.100000000E+01 0.815806018E-18 0.815806018E-18 0.188009076E-23
 0.188009076E-23 0.615910896E-02
 0.354064105E-01 0.937493514E+00 0.360812394E+01 0.100000000E+01 0.100000000E+01
 0.100000000E+01 0.100000000E+01-0.304462951E-17-0.304462951E-17-0.701659424E-23
-0.701659424E-23 0.690333607E-02
 0.373734333E-01 0.937922137E+00 0.360792018E+01 0.100000000E+01 0.100000000E+01
 0.100000000E+01 0.100000000E+01 0.113627120E-16 0.113627120E-16 0.261862862E-22
 0.261862862E-22 0.768973225E-02
 0.393404562E-01 0.938375500E+00 0.360770572E+01 0.100000000E+01 0.100000000E+01
 0.100000000E+01 0.100000000E+01-0.424062186E-16-0.424062186E-16-0.977285505E-22
-0.977285505E-22 0.851823329E-02
 0.413074790E-01 0.938854513E+00 0.360748057E+01 0.100000000E+01 0.100000000E+01
 0.100000000E+01 0.100000000E+01 0.158262162E-15 0.158262162E-15 0.364727916E-21
 0.364727916E-21 0.938877360E-02
 0.432745018E-01 0.939357418E+00 0.360724485E+01 0.100000000E+01 0.100000000E+01
 0.100000000E+01 0.100000000E+01-0.590642431E-15-0.590642431E-15-0.136118311E-20
-0.136118311E-20 0.103012876E-01
 0.452415246E-01 0.939881854E+00 0.360699870E+01 0.100000000E+01 0.100000000E+01
 0.100000000E+01 0.100000000E+01 0.220430756E-14 0.220430756E-14 0.508000454E-20
 0.508000454E-20 0.112557078E-01
 0.472085474E-01 0.940424925E+00 0.360674230E+01 0.100000000E+01 0.100000000E+01
 0.100000000E+01 0.100000000E+01-0.822658781E-14-0.822658781E-14-0.189588350E-19
-0.189588350E-19 0.122519639E-01
 0.491755702E-01 0.940985854E+00 0.360647575E+01 0.100000000E+01 0.100000000E+01
 0.100000000E+01 0.100000000E+01 0.307020437E-13 0.307020437E-13 0.707553356E-19
 0.707553356E-19 0.132899854E-01
 0.511425930E-01 0.941566556E+00 0.360619908E+01 0.100000000E+01 0.100000000E+01
 0.100000000E+01 0.100000000E+01-0.114581587E-12-0.114581587E-12-0.264062507E-18
-0.264062507E-18 0.143696994E-01
 0.531096158E-01 0.942169645E+00 0.360591231E+01 0.100000000E+01 0.100000000E+01
 0.100000000E+01 0.100000000E+01-0.156525848E-12-0.156525848E-12 0.985494694E-18
 0.985494694E-18 0.154910232E-01
 0.550766386E-01 0.942798293E+00 0.360561545E+01 0.100000000E+01 0.100000000E+01
 0.100000000E+01 0.100000000E+01 0.156534827E-12 0.156534827E-12-0.367791627E-17
-0.367791627E-17 0.166538712E-01
 0.570436614E-01 0.943455697E+00 0.360530857E+01 0.100000000E+01 0.100000000E+01
 0.100000000E+01 0.100000000E+01 0.114536692E-12 0.114536692E-12 0.137261704E-16
 0.137261704E-16 0.178581548E-01
 0.590106842E-01 0.944145416E+00 0.360499179E+01 0.100000000E+01 0.100000000E+01
 0.100000000E+01 0.100000000E+01-0.305314449E-13-0.305314449E-13-0.512267652E-16
-0.512267652E-16 0.191037737E-01
 0.609777070E-01 0.944871461E+00 0.360466521E+01 0.100000000E+01 0.100000000E+01
 0.100000000E+01 0.100000000E+01 0.758908721E-14 0.758908721E-14 0.191180891E-15
 0.191180891E-15 0.203906244E-01
 0.629447298E-01 0.945636331E+00 0.360432895E+01 0.100000000E+01 0.100000000E+01
 0.100000000E+01 0.100000000E+01 0.175096077E-15 0.175096077E-15-0.713496797E-15
-0.713496797E-15 0.217185951E-01
 0.649117527E-01 0.946441336E+00 0.360398311E+01 0.100000000E+01 0.100000000E+01
 0.100000000E+01 0.100000000E+01-0.828947152E-14-0.828947152E-14 0.266280630E-14
 0.266280630E-14 0.230875597E-01
 0.668787755E-01 0.947287829E+00 0.360362781E+01 0.100000000E+01 0.100000000E+01
 0.100000000E+01 0.100000000E+01 0.329827900E-13 0.329827900E-13-0.993772839E-14
-0.993772839E-14 0.244973891E-01
 0.688457983E-01 0.948177646E+00 0.360326317E+01 0.100000000E+01 0.100000000E+01
 0.100000000E+01 0.100000000E+01-0.123641688E-12-0.123641688E-12 0.370881073E-13
 0.370881073E-13 0.259479424E-01
 0.708128211E-01 0.949112966E+00 0.360288932E+01 0.100000000E+01 0.100000000E+01
 0.100000000E+01 0.100000000E+01-0.122566188E-12-0.122566188E-12 0.153660375E-12
 0.153660375E-12 0.274390732E-01
 0.727798439E-01 0.950095644E+00 0.360250637E+01 0.100000000E+01 0.100000000E+01
 0.100000000E+01 0.100000000E+01 0.297562882E-13 0.297562882E-13 0.224495620E-12
 0.224495620E-12 0.289706279E-01
 0.747468667E-01 0.951125976E+00 0.360211445E+01 0.100000000E+01 0.100000000E+01
 0.100000000E+01 0.100000000E+01 0.354103496E-14 0.354103496E-14 0.116657450E-12
 0.116657450E-12 0.305424462E-01
 0.767138895E-01 0.952203747E+00 0.360171368E+01 0.100000000E+01 0.100000000E+01
 0.100000000E+01 0.100000000E+01-0.439204281E-13-0.439204281E-13-0.106975268E-12
-0.106975268E-12 0.321543623E-01
 0.786809123E-01 0.953328911E+00 0.360130416E+01 0.100000000E+01 0.100000000E+01
 0.100000000E+01 0.100000000E+01 0.172140677E-12 0.172140677E-12-0.564981607E-12
-0.564981607E-12 0.338062028E-01
 0.806479351E-01 0.954501586E+00 0.360088604E+01 0.100000000E+01 0.100000000E+01
 0.100000000E+01 0.100000000E+01 0.231582947E-12 0.231582947E-12-0.845924139E-12
-0.845924139E-12 0.354977903E-01
 0.826149579E-01 0.955721503E+00 0.360045945E+01 0.100000000E+01 0.100000000E+01
 0.100000000E+01 0.100000000E+01 0.698278394E-13 0.698278394E-13-0.724523052E-12
-0.724523052E-12 0.372289406E-01
 0.845819807E-01 0.956987637E+00 0.360002451E+01 0.100000000E+01 0.100000000E+01
 0.100000000E+01 0.100000000E+01 0.732558476E-13 0.732558476E-13-0.345034716E-12
-0.345034716E-12 0.389994660E-01
 0.865490035E-01 0.958298969E+00 0.359958139E+01 0.100000000E+01 0.100000000E+01
 0.100000000E+01 0.100000000E+01-0.707761538E-13-0.707761538E-13 0.936361612E-12
 0.936361612E-12 0.408091740E-01
 0.885160263E-01 0.959655926E+00 0.359913020E+01 0.100000000E+01 0.100000000E+01
 0.100000000E+01 0.100000000E+01-0.374301384E-12-0.374301384E-12 0.273316486E-11
 0.273316486E-11 0.426578675E-01
 0.904830491E-01 0.961059352E+00 0.359867112E+01 0.100000000E+01 0.100000000E+01
 0.100000000E+01 0.100000000E+01-0.476543840E-12-0.476543840E-12 0.361095796E-11
 0.361095796E-11 0.445453449E-01
 0.924500720E-01 0.962509961E+00 0.359820427E+01 0.100000000E+01 0.100000000E+01
 0.100000000E+01 0.100000000E+01-0.348198938E-12-0.348198938E-12 0.239203337E-11
 0.239203337E-11 0.464713988E-01
 0.944170948E-01 0.964008285E+00 0.359772982E+01 0.100000000E+01 0.100000000E+01
 0.100000000E+01 0.100000000E+01 0.116889136E-12 0.116889136E-12-0.120401332E-11
-0.120401332E-11 0.484358172E-01
 0.963841176E-01 0.965553942E+00 0.359724790E+01 0.100000000E+01 0.100000000E+01
 0.100000000E+01 0.100000000E+01 0.104894270E-11 0.104894270E-11-0.809068281E-11
-0.809068281E-11 0.504383826E-01
 0.983511404E-01 0.967146065E+00 0.359675868E+01 0.100000000E+01 0.100000000E+01
 0.100000000E+01 0.100000000E+01 0.182091667E-11 0.182091667E-11-0.143335679E-10
-0.143335679E-10 0.524788737E-01
 0.100318163E+00 0.968784045E+00 0.359626231E+01 0.100000000E+01 0.100000000E+01
 0.100000000E+01 0.100000000E+01 0.159794320E-11 0.159794320E-11-0.122670158E-10
-0.122670158E-10 0.545570650E-01
 0.102285186E+00 0.970467706E+00 0.359575893E+01 0.100000000E+01 0.100000000E+01
 0.100000000E+01 0.100000000E+01-0.345873268E-13-0.345873268E-13 0.313414813E-12
 0.313414813E-12 0.566727269E-01
 0.104252209E+00 0.972198710E+00 0.359524872E+01 0.100000000E+01 0.100000000E+01
 0.100000000E+01 0.100000000E+01-0.350411942E-11-0.350411942E-11 0.267854107E-10
 0.267854107E-10 0.588256256E-01
 0.106219232E+00 0.973978703E+00 0.359473183E+01 0.100000000E+01 0.100000000E+01
 0.100000000E+01 0.100000000E+01-0.727041554E-11-0.727041554E-11 0.561069850E-10
 0.561069850E-10 0.610155220E-01
 0.108186254E+00 0.975807299E+00 0.359420844E+01 0.100000000E+01 0.100000000E+01
 0.100000000E+01 0.100000000E+01-0.684435368E-11-0.684435368E-11 0.531288785E-10
 0.531288785E-10 0.632421725E-01
 0.110153277E+00 0.977683770E+00 0.359367871E+01 0.100000000E+01 0.100000000E+01
 0.100000000E+01 0.100000000E+01-0.401178860E-12-0.401178860E-12 0.329939671E-11
 0.329939671E-11 0.655053291E-01
 0.112120300E+00 0.979607529E+00 0.359314280E+01 0.100000000E+01 0.100000000E+01
 0.100000000E+01 0.100000000E+01 0.137064205E-10 0.137064205E-10-0.105756601E-09
-0.105756601E-09 0.678047398E-01
 0.114087323E+00 0.981578029E+00 0.359260087E+01 0.100000000E+01 0.100000000E+01
 0.100000000E+01 0.100000000E+01 0.291089686E-10 0.291089686E-10-0.226635137E-09
-0.226635137E-09 0.701401495E-01
 0.116054346E+00 0.983595066E+00 0.359205310E+01 0.100000000E+01 0.100000000E+01
 0.100000000E+01 0.100000000E+01 0.267020207E-10 0.267020207E-10-0.207700442E-09
-0.207700442E-09 0.725113001E-01
 0.118021368E+00 0.985660126E+00 0.359149965E+01 0.100000000E+01 0.100000000E+01
 0.100000000E+01 0.100000000E+01-0.156251670E-11-0.156251670E-11 0.123922838E-10
 0.123922838E-10 0.749179283E-01
 0.119988391E+00 0.987774405E+00 0.359094069E+01 0.100000000E+01 0.100000000E+01
 0.100000000E+01 0.100000000E+01-0.630949150E-10-0.630949150E-10 0.491096893E-09
 0.491096893E-09 0.773597684E-01
 0.121955414E+00 0.989937497E+00 0.359037639E+01 0.100000000E+01 0.100000000E+01
 0.100000000E+01 0.100000000E+01-0.121082221E-09-0.121082221E-09 0.942802602E-09
 0.942802602E-09 0.798365510E-01
 0.123922437E+00 0.992148893E+00 0.358980692E+01 0.100000000E+01 0.100000000E+01
 0.100000000E+01 0.100000000E+01-0.930968439E-10-0.930968439E-10 0.725458770E-09
 0.725458770E-09 0.823480019E-01
 0.125889460E+00 0.994408091E+00 0.358923246E+01 0.100000000E+01 0.100000000E+01
 0.100000000E+01 0.100000000E+01 0.465947301E-10 0.465947301E-10-0.362518628E-09
-0.362518628E-09 0.848938449E-01
 0.127856482E+00 0.996714566E+00 0.358865318E+01 0.100000000E+01 0.100000000E+01
 0.100000000E+01 0.100000000E+01 0.320880381E-09 0.320880381E-09-0.250018517E-08
-0.250018517E-08 0.874738004E-01
 0.129823505E+00 0.999068691E+00 0.358806923E+01 0.100000000E+01 0.100000000E+01
 0.100000000E+01 0.100000000E+01 0.493016369E-09 0.493016369E-09-0.383976748E-08
-0.383976748E-08 0.900875860E-01
 0.131790528E+00 0.100147152E+01 0.358748078E+01 0.100000000E+01 0.100000000E+01
 0.100000000E+01 0.100000000E+01 0.253948805E-09 0.253948805E-09-0.197789991E-08
-0.197789991E-08 0.927349170E-01
 0.133757551E+00 0.100392382E+01 0.358688802E+01 0.100000000E+01 0.100000000E+01
 0.100000000E+01 0.100000000E+01-0.501444651E-09-0.501444651E-09 0.390564642E-08
 0.390564642E-08 0.954155038E-01
 0.135724574E+00 0.100642564E+01 0.358629112E+01 0.100000000E+01 0.100000000E+01
 0.100000000E+01 0.100000000E+01-0.162864713E-08-0.162864713E-08 0.126844219E-07
 0.126844219E-07 0.981290555E-01
 0.137691597E+00 0.100897656E+01 0.358569026E+01 0.100000000E+01 0.100000000E+01
 0.100000000E+01 0.100000000E+01-0.179324319E-08-0.179324319E-08 0.139651011E-07
 0.139651011E-07 0.100875277E+00
 0.139658619E+00 0.101157618E+01 0.358508562E+01 0.100000000E+01 0.100000000E+01
 0.100000000E+01 0.100000000E+01-0.106085769E-09-0.106085769E-09 0.827093071E-09
 0.827093071E-09 0.103653872E+00
 0.141625642E+00 0.101422445E+01 0.358447737E+01 0.100000000E+01 0.100000000E+01
 0.100000000E+01 0.100000000E+01 0.395543297E-08 0.395543297E-08-0.308053117E-07
-0.308053117E-07 0.106464541E+00
 0.143592665E+00 0.101692169E+01 0.358386567E+01 0.100000000E+01 0.100000000E+01
 0.100000000E+01 0.100000000E+01 0.747365454E-08 0.747365454E-08-0.582066725E-07
-0.582066725E-07 0.109306981E+00
 0.145559688E+00 0.101966856E+01 0.358325069E+01 0.100000000E+01 0.100000000E+01
 0.100000000E+01 0.100000000E+01 0.483850551E-08 0.483850551E-08-0.376831612E-07
-0.376831612E-07 0.112180889E+00
 0.147526711E+00 0.102246552E+01 0.358263259E+01 0.100000000E+01 0.100000000E+01
 0.100000000E+01 0.100000000E+01-0.641688611E-08-0.641688611E-08 0.499757050E-07
 0.499757050E-07 0.115085957E+00
 0.149493733E+00 0.102531269E+01 0.358201153E+01 0.100000000E+01 0.100000000E+01
 0.100000000E+01 0.100000000E+01-0.243780492E-07-0.243780492E-07 0.189861657E-06
 0.189861657E-06 0.118021877E+00
 0.151460756E+00 0.102820988E+01 0.358138770E+01 0.100000000E+01 0.100000000E+01
 0.100000000E+01 0.100000000E+01-0.273052138E-07-0.273052138E-07 0.212659053E-06
 0.212659053E-06 0.120988338E+00
 0.153427779E+00 0.103115688E+01 0.358076127E+01 0.100000000E+01 0.100000000E+01
 0.100000000E+01 0.100000000E+01 0.487441218E-09 0.487441218E-09-0.379637043E-08
-0.379637043E-08 0.123985027E+00
 0.155394802E+00 0.103415385E+01 0.358013242E+01 0.100000000E+01 0.100000000E+01
 0.100000000E+01 0.100000000E+01 0.671706693E-07 0.671706693E-07-0.523141370E-06
-0.523141370E-06 0.127011629E+00
 0.157361825E+00 0.103720126E+01 0.357950132E+01 0.100000000E+01 0.100000000E+01
 0.100000000E+01 0.100000000E+01 0.114120880E-06 0.114120880E-06-0.888791172E-06
-0.888791172E-06 0.130067827E+00
 0.159328847E+00 0.104029953E+01 0.357886811E+01 0.100000000E+01 0.100000000E+01
 0.100000000E+01 0.100000000E+01 0.555041076E-07 0.555041076E-07-0.432303676E-06
-0.432303676E-06 0.133153302E+00
 0.161295870E+00 0.104344891E+01 0.357823297E+01 0.100000000E+01 0.100000000E+01
 0.100000000E+01 0.100000000E+01-0.156206212E-06-0.156206212E-06 0.121666179E-05
 0.121666179E-05 0.136267734E+00
 0.163262893E+00 0.104664967E+01 0.357759606E+01 0.100000000E+01 0.100000000E+01
 0.999999999E+00 0.999999999E+00-0.412279625E-06-0.412279625E-06 0.321057412E-05
 0.321057412E-05 0.139410800E+00
 0.165229916E+00 0.104990176E+01 0.357695753E+01 0.100000000E+01 0.100000000E+01
 0.999999995E+00 0.999999995E+00-0.343301927E-06-0.343301927E-06 0.267501300E-05
 0.267501300E-05 0.142582178E+00
 0.167196939E+00 0.105320518E+01 0.357631757E+01 0.100000000E+01 0.100000000E+01
 0.999999994E+00 0.999999994E+00 0.279215275E-06 0.279215275E-06-0.217945110E-05
-0.217945110E-05 0.145781543E+00
 0.169163961E+00 0.105656023E+01 0.357567631E+01 0.100000000E+01 0.100000000E+01
 0.100000000E+01 0.100000000E+01 0.137212072E-05 0.137212072E-05-0.106682280E-04
-0.106682280E-04 0.149008567E+00
 0.171130984E+00 0.105996730E+01 0.357503394E+01 0.999999998E+00 0.999999998E+00
 0.100000002E+01 0.100000002E+01 0.158596162E-05 0.158596162E-05-0.124195339E-04
-0.124195339E-04 0.152262923E+00
 0.173098007E+00 0.106342664E+01 0.357439059E+01 0.999999997E+00 0.999999997E+00
 0.100000002E+01 0.100000002E+01-0.194102543E-06-0.194102543E-06 0.176445276E-05
 0.176445276E-05 0.155544282E+00
 0.175065030E+00 0.106693848E+01 0.357374644E+01 0.999999999E+00 0.999999999E+00
 0.100000001E+01 0.100000001E+01-0.433103375E-05-0.433103375E-05 0.327877902E-04
 0.327877902E-04 0.158852314E+00
 0.177032053E+00 0.107050309E+01 0.357310163E+01 0.100000001E+01 0.100000001E+01
 0.999999945E+00 0.999999945E+00-0.654816715E-05-0.654816715E-05 0.731879173E-04
 0.731879173E-04 0.162186688E+00
 0.178999075E+00 0.107412059E+01 0.357245631E+01 0.100000001E+01 0.100000001E+01
 0.999999839E+00 0.999999839E+00-0.131392477E-05-0.131392477E-05 0.112643475E-03
 0.112643475E-03 0.165547071E+00
 0.180966098E+00 0.107779122E+01 0.357181063E+01 0.100000001E+01 0.100000001E+01
 0.999999689E+00 0.999999689E+00 0.125369408E-04 0.125369408E-04 0.150473228E-03
 0.150473228E-03 0.168933131E+00
 0.182933121E+00 0.108151540E+01 0.357116474E+01 0.999999980E+00 0.999999980E+00
 0.999999497E+00 0.999999497E+00 0.332097346E-04 0.332097346E-04 0.184501717E-03
 0.184501717E-03 0.172344533E+00
 0.184900144E+00 0.108529351E+01 0.357051881E+01 0.999999929E+00 0.999999929E+00
 0.999999270E+00 0.999999270E+00 0.576190386E-04 0.576190386E-04 0.212417924E-03
 0.212417924E-03 0.175780941E+00
 0.186867167E+00 0.108912582E+01 0.356987298E+01 0.999999848E+00 0.999999848E+00
 0.999999018E+00 0.999999018E+00 0.844572760E-04 0.844572760E-04 0.227867833E-03
 0.227867833E-03 0.179242020E+00
 0.188834190E+00 0.109301254E+01 0.356922739E+01 0.999999734E+00 0.999999734E+00
 0.999998745E+00 0.999998745E+00 0.116962805E-03 0.116962805E-03 0.257635217E-03
 0.257635217E-03 0.182727434E+00
 0.190801212E+00 0.109695386E+01 0.356858218E+01 0.999999576E+00 0.999999576E+00
 0.999998399E+00 0.999998399E+00 0.162947525E-03 0.162947525E-03 0.368595097E-03
 0.368595097E-03 0.186236845E+00
 0.192768235E+00 0.110095000E+01 0.356793750E+01 0.999999356E+00 0.999999356E+00
 0.999997863E+00 0.999997863E+00 0.224754310E-03 0.224754310E-03 0.589078976E-03
 0.589078976E-03 0.189769917E+00
 0.194735258E+00 0.110500128E+01 0.356729350E+01 0.999999056E+00 0.999999056E+00
 0.999997014E+00 0.999997014E+00 0.306963464E-03 0.306963464E-03 0.918663488E-03
 0.918663488E-03 0.193326311E+00
 0.196702281E+00 0.110910803E+01 0.356665028E+01 0.999998642E+00 0.999998642E+00
 0.999995722E+00 0.999995722E+00 0.426906674E-03 0.426906674E-03 0.136801064E-02
 0.136801064E-02 0.196905689E+00
 0.198669304E+00 0.111327059E+01 0.356600798E+01 0.999998066E+00 0.999998066E+00
 0.999993850E+00 0.999993850E+00 0.590213726E-03 0.590213726E-03 0.193464458E-02
 0.193464458E-02 0.200507714E+00
 0.200636326E+00 0.111748924E+01 0.356536673E+01 0.999997274E+00 0.999997274E+00
 0.999991251E+00 0.999991251E+00 0.811135188E-03 0.811135188E-03 0.265654673E-02
 0.265654673E-02 0.204132047E+00
 0.202603349E+00 0.112176428E+01 0.356472667E+01 0.999996170E+00 0.999996170E+00
 0.999987672E+00 0.999987672E+00 0.115155677E-02 0.115155677E-02 0.369032813E-02
 0.369032813E-02 0.207778348E+00
 0.204570372E+00 0.112609596E+01 0.356408793E+01 0.999994590E+00 0.999994590E+00
 0.999982690E+00 0.999982690E+00 0.164334270E-02 0.164334270E-02 0.510506678E-02
 0.510506678E-02 0.211446281E+00
 0.206537395E+00 0.113048462E+01 0.356345065E+01 0.999992357E+00 0.999992357E+00
 0.999975848E+00 0.999975848E+00 0.230675508E-02 0.230675508E-02 0.699690948E-02
 0.699690948E-02 0.215135505E+00
 0.208504418E+00 0.113493074E+01 0.356281493E+01 0.999989221E+00 0.999989221E+00
 0.999966365E+00 0.999966365E+00 0.325313597E-02 0.325313597E-02 0.985592120E-02
 0.985592120E-02 0.218845681E+00
 0.210471440E+00 0.113943478E+01 0.356218092E+01 0.999984812E+00 0.999984812E+00
 0.999952906E+00 0.999952906E+00 0.453092728E-02 0.453092728E-02 0.139370584E-01
 0.139370584E-01 0.222576471E+00
 0.212438463E+00 0.114399717E+01 0.356154874E+01 0.999978730E+00 0.999978730E+00
 0.999934036E+00 0.999934036E+00 0.622457423E-02 0.622457423E-02 0.194490775E-01
 0.194490775E-01 0.226327536E+00
 0.214405486E+00 0.114861828E+01 0.356091851E+01 0.999970296E+00 0.999970296E+00
 0.999907584E+00 0.999907584E+00 0.875944248E-02 0.875944248E-02 0.275072907E-01
 0.275072907E-01 0.230098536E+00
 0.216372509E+00 0.115329846E+01 0.356029033E+01 0.999958350E+00 0.999958350E+00
 0.999870136E+00 0.999870136E+00 0.123540109E-01 0.123540109E-01 0.386452794E-01
 0.386452794E-01 0.233889132E+00
 0.218339532E+00 0.115803791E+01 0.355966431E+01 0.999941645E+00 0.999941645E+00
 0.999818034E+00 0.999818034E+00 0.172031620E-01 0.172031620E-01 0.535306194E-01
 0.535306194E-01 0.237698987E+00
 0.220306554E+00 0.116283691E+01 0.355904057E+01 0.999918280E+00 0.999918280E+00
 0.999745453E+00 0.999745453E+00 0.242557413E-01 0.242557413E-01 0.753079725E-01
 0.753079725E-01 0.241527762E+00
 0.222273577E+00 0.116769585E+01 0.355841922E+01 0.999885336E+00 0.999885336E+00
 0.999643171E+00 0.999643171E+00 0.339233062E-01 0.339233062E-01 0.105386696E+00
 0.105386696E+00 0.245375121E+00
 0.224240600E+00 0.117261516E+01 0.355780035E+01 0.999839684E+00 0.999839684E+00
 0.999501297E+00 0.999501297E+00 0.468438603E-01 0.468438603E-01 0.145708055E+00
 0.145708055E+00 0.249240725E+00
 0.226207623E+00 0.117759529E+01 0.355718408E+01 0.999776332E+00 0.999776332E+00
 0.999304229E+00 0.999304229E+00 0.655146272E-01 0.655146272E-01 0.203931698E+00
 0.203931698E+00 0.253124240E+00
 0.228174646E+00 0.118263665E+01 0.355657048E+01 0.999687745E+00 0.999687745E+00
 0.999028596E+00 0.999028596E+00 0.909106865E-01 0.909106865E-01 0.283052747E+00
 0.283052747E+00 0.257025330E+00
 0.230141668E+00 0.118773968E+01 0.355595967E+01 0.999565876E+00 0.999565876E+00
 0.998649439E+00 0.998649439E+00 0.124688445E+00 0.124688445E+00 0.388231124E+00
 0.388231124E+00 0.260943660E+00
 0.232108691E+00 0.119290468E+01 0.355535178E+01 0.999398393E+00 0.999398393E+00
 0.998128577E+00 0.998128577E+00 0.171903902E+00 0.171903902E+00 0.535146432E+00
 0.535146432E+00 0.264878896E+00
 0.234075714E+00 0.119813188E+01 0.355474688E+01 0.999168255E+00 0.999168255E+00
 0.997413278E+00 0.997413278E+00 0.234409048E+00 0.234409048E+00 0.729666310E+00
 0.729666310E+00 0.268830704E+00
 0.236042737E+00 0.120342176E+01 0.355414505E+01 0.998857473E+00 0.998857473E+00
 0.996447904E+00 0.996447904E+00 0.314745227E+00 0.314745227E+00 0.979698427E+00
 0.979698427E+00 0.272798751E+00
 0.238009760E+00 0.120877488E+01 0.355354638E+01 0.998442334E+00 0.998442334E+00
 0.995159477E+00 0.995159477E+00 0.418633639E+00 0.418633639E+00 0.130290455E+01
 0.130290455E+01 0.276782707E+00
 0.239976783E+00 0.121419177E+01 0.355295097E+01 0.997894303E+00 0.997894303E+00
 0.993460389E+00 0.993460389E+00 0.548729559E+00 0.548729559E+00 0.170805080E+01
 0.170805080E+01 0.280782239E+00
 0.241943805E+00 0.121967296E+01 0.355235890E+01 0.997184743E+00 0.997184743E+00
 0.991262943E+00 0.991262943E+00 0.702141718E+00 0.702141718E+00 0.218589486E+01
 0.218589486E+01 0.284797019E+00
 0.243910828E+00 0.122521897E+01 0.355177026E+01 0.996290580E+00 0.996290580E+00
 0.988498581E+00 0.988498581E+00 0.874047555E+00 0.874047555E+00 0.272064021E+01
 0.272064021E+01 0.288826717E+00
 0.245877851E+00 0.123083007E+01 0.355118514E+01 0.995191788E+00 0.995191788E+00
 0.985109322E+00 0.985109322E+00 0.106475605E+01 0.106475605E+01 0.331396936E+01
 0.331396936E+01 0.292871004E+00
 0.247844874E+00 0.123650644E+01 0.355060360E+01 0.993871950E+00 0.993871950E+00
 0.981048632E+00 0.981048632E+00 0.126125795E+01 0.126125795E+01 0.392572630E+01
 0.392572630E+01 0.296929554E+00
 0.249811897E+00 0.124224858E+01 0.355002570E+01 0.992337335E+00 0.992337335E+00
 0.976341392E+00 0.976341392E+00 0.144676732E+01 0.144676732E+01 0.450308139E+01
 0.450308139E+01 0.301002041E+00
 0.251778919E+00 0.124805713E+01 0.354945153E+01 0.990602795E+00 0.990602795E+00
 0.971039544E+00 0.971039544E+00 0.161938639E+01 0.161938639E+01 0.504015008E+01
 0.504015008E+01 0.305088141E+00
 0.253745942E+00 0.125393270E+01 0.354888116E+01 0.988686391E+00 0.988686391E+00
 0.965204632E+00 0.965204632E+00 0.177252301E+01 0.177252301E+01 0.551703052E+01
 0.551703052E+01 0.309187529E+00
 0.255712965E+00 0.125987590E+01 0.354831469E+01 0.986616226E+00 0.986616226E+00
 0.958927827E+00 0.958927827E+00 0.189915078E+01 0.189915078E+01 0.591160847E+01
 0.591160847E+01 0.313299884E+00
 0.257679988E+00 0.126588731E+01 0.354775215E+01 0.984423025E+00 0.984423025E+00
 0.952308146E+00 0.952308146E+00 0.199971944E+01 0.199971944E+01 0.622436080E+01
 0.622436080E+01 0.317424884E+00
 0.259647011E+00 0.127196715E+01 0.354719362E+01 0.982134590E+00 0.982134590E+00
 0.945434589E+00 0.945434589E+00 0.207932562E+01 0.207932562E+01 0.647202188E+01
 0.647202188E+01 0.321562211E+00
 0.261614033E+00 0.127811561E+01 0.354663916E+01 0.979772423E+00 0.979772423E+00
 0.938374709E+00 0.938374709E+00 0.214072377E+01 0.214072377E+01 0.666341578E+01
 0.666341578E+01 0.325711545E+00
 0.263581056E+00 0.128433323E+01 0.354608882E+01 0.977357445E+00 0.977357445E+00
 0.931194018E+00 0.931194018E+00 0.218522383E+01 0.218522383E+01 0.680179537E+01
 0.680179537E+01 0.329872570E+00
 0.265548079E+00 0.129062073E+01 0.354554266E+01 0.974905594E+00 0.974905594E+00
 0.923942070E+00 0.923942070E+00 0.221882905E+01 0.221882905E+01 0.690641894E+01
 0.690641894E+01 0.334044970E+00
 0.267515102E+00 0.129697879E+01 0.354500073E+01 0.972427319E+00 0.972427319E+00
 0.916650849E+00 0.916650849E+00 0.224359119E+01 0.224359119E+01 0.698361899E+01
 0.698361899E+01 0.338228432E+00
 0.269482125E+00 0.130340812E+01 0.354446309E+01 0.969932583E+00 0.969932583E+00
 0.909350774E+00 0.909350774E+00 0.226079843E+01 0.226079843E+01 0.703707971E+01
 0.703707971E+01 0.342422643E+00
 0.271449147E+00 0.130990926E+01 0.354392980E+01 0.967427788E+00 0.967427788E+00
 0.902061127E+00 0.902061127E+00 0.227370074E+01 0.227370074E+01 0.707722356E+01
 0.707722356E+01 0.346627293E+00
 0.273416170E+00 0.131648245E+01 0.354340091E+01 0.964917293E+00 0.964917293E+00
 0.894794807E+00 0.894794807E+00 0.228281711E+01 0.228281711E+01 0.710553543E+01
 0.710553543E+01 0.350842071E+00
 0.275383193E+00 0.132312787E+01 0.354287644E+01 0.962405093E+00 0.962405093E+00
 0.887563548E+00 0.887563548E+00 0.228909408E+01 0.228909408E+01 0.712495074E+01
 0.712495074E+01 0.355066671E+00
 0.277350216E+00 0.132984616E+01 0.354235645E+01 0.959893449E+00 0.959893449E+00
 0.880373706E+00 0.880373706E+00 0.229374257E+01 0.229374257E+01 0.713939835E+01
 0.713939835E+01 0.359300786E+00
 0.279317239E+00 0.133663814E+01 0.354184098E+01 0.957384152E+00 0.957384152E+00
 0.873230167E+00 0.873230167E+00 0.229683532E+01 0.229683532E+01 0.714902823E+01
 0.714902823E+01 0.363544112E+00
 0.281284261E+00 0.134350461E+01 0.354133008E+01 0.954878683E+00 0.954878683E+00
 0.866136867E+00 0.866136867E+00 0.229890385E+01 0.229890385E+01 0.715549869E+01
 0.715549869E+01 0.367796347E+00
 0.283251284E+00 0.135044631E+01 0.354082378E+01 0.952377879E+00 0.952377879E+00
 0.859095813E+00 0.859095813E+00 0.230028978E+01 0.230028978E+01 0.715990099E+01
 0.715990099E+01 0.372057189E+00
 0.285218307E+00 0.135746380E+01 0.354032212E+01 0.949882490E+00 0.949882490E+00
 0.852108741E+00 0.852108741E+00 0.230104370E+01 0.230104370E+01 0.716233400E+01
 0.716233400E+01 0.376326340E+00
 0.287185330E+00 0.136455729E+01 0.353982512E+01 0.947393052E+00 0.947393052E+00
 0.845176807E+00 0.845176807E+00 0.230141549E+01 0.230141549E+01 0.716350679E+01
 0.716350679E+01 0.380603501E+00
 0.289152353E+00 0.137172711E+01 0.353933283E+01 0.944909893E+00 0.944909893E+00
 0.838300621E+00 0.838300621E+00 0.230149131E+01 0.230149131E+01 0.716365427E+01
 0.716365427E+01 0.384888376E+00
 0.291119376E+00 0.137897398E+01 0.353884527E+01 0.942433330E+00 0.942433330E+00
 0.831480729E+00 0.831480729E+00 0.230125171E+01 0.230125171E+01 0.716280389E+01
 0.716280389E+01 0.389180673E+00
 0.293086398E+00 0.138629881E+01 0.353836248E+01 0.939963682E+00 0.939963682E+00
 0.824717529E+00 0.824717529E+00 0.230070174E+01 0.230070174E+01 0.716109130E+01
 0.716109130E+01 0.393480098E+00
 0.295053421E+00 0.139370248E+01 0.353788447E+01 0.937501263E+00 0.937501263E+00
 0.818011343E+00 0.818011343E+00 0.229983221E+01 0.229983221E+01 0.715849236E+01
 0.715849236E+01 0.397786362E+00
 0.297020444E+00 0.140118576E+01 0.353741128E+01 0.935046430E+00 0.935046430E+00
 0.811362645E+00 0.811362645E+00 0.229853980E+01 0.229853980E+01 0.715456884E+01
 0.715456884E+01 0.402099176E+00
 0.298987467E+00 0.140874917E+01 0.353694292E+01 0.932599659E+00 0.932599659E+00
 0.804772339E+00 0.804772339E+00 0.229677533E+01 0.229677533E+01 0.714904968E+01
 0.714904968E+01 0.406418254E+00
 0.300954490E+00 0.141639294E+01 0.353647941E+01 0.930161453E+00 0.930161453E+00
 0.798241404E+00 0.798241404E+00 0.229440309E+01 0.229440309E+01 0.714157181E+01
 0.714157181E+01 0.410743310E+00
 0.302921512E+00 0.142411747E+01 0.353602079E+01 0.927732622E+00 0.927732622E+00
 0.791771503E+00 0.791771503E+00 0.229102912E+01 0.229102912E+01 0.713105644E+01
 0.713105644E+01 0.415074063E+00
 0.304888535E+00 0.143192365E+01 0.353556705E+01 0.925314299E+00 0.925314299E+00
 0.785365004E+00 0.785365004E+00 0.228654353E+01 0.228654353E+01 0.711718579E+01
 0.711718579E+01 0.419410230E+00
 0.306855558E+00 0.143981246E+01 0.353511822E+01 0.922907773E+00 0.922907773E+00
 0.779024677E+00 0.779024677E+00 0.228035830E+01 0.228035830E+01 0.709804498E+01
 0.709804498E+01 0.423751535E+00
 0.308822581E+00 0.144778487E+01 0.353467430E+01 0.920515273E+00 0.920515273E+00
 0.772755781E+00 0.772755781E+00 0.227172781E+01 0.227172781E+01 0.707115177E+01
 0.707115177E+01 0.428097699E+00
 0.310789604E+00 0.145584160E+01 0.353423533E+01 0.918139420E+00 0.918139420E+00
 0.766564600E+00 0.766564600E+00 0.226031025E+01 0.226031025E+01 0.703535907E+01
 0.703535907E+01 0.432448448E+00
 0.312756626E+00 0.146398312E+01 0.353380129E+01 0.915783807E+00 0.915783807E+00
 0.760459691E+00 0.760459691E+00 0.224415308E+01 0.224415308E+01 0.698496854E+01
 0.698496854E+01 0.436803510E+00
 0.314723649E+00 0.147220980E+01 0.353337220E+01 0.913454213E+00 0.913454213E+00
 0.754454715E+00 0.754454715E+00 0.222214251E+01 0.222214251E+01 0.691654396E+01
 0.691654396E+01 0.441162613E+00
 0.316690672E+00 0.148052213E+01 0.353294807E+01 0.911156934E+00 0.911156934E+00
 0.748564558E+00 0.748564558E+00 0.219261780E+01 0.219261780E+01 0.682478769E+01
 0.682478769E+01 0.445525487E+00
 0.318657695E+00 0.148892111E+01 0.353252891E+01 0.908901657E+00 0.908901657E+00
 0.742812358E+00 0.742812358E+00 0.215167930E+01 0.215167930E+01 0.669760462E+01
 0.669760462E+01 0.449891868E+00
 0.320624718E+00 0.149740786E+01 0.353211472E+01 0.906700911E+00 0.906700911E+00
 0.737228162E+00 0.737228162E+00 0.209807783E+01 0.209807783E+01 0.653053917E+01
 0.653053917E+01 0.454261490E+00
 0.322591740E+00 0.150598329E+01 0.353170550E+01 0.904568710E+00 0.904568710E+00
 0.731845427E+00 0.731845427E+00 0.202753180E+01 0.202753180E+01 0.631077547E+01
 0.631077547E+01 0.458634090E+00
 0.324558763E+00 0.151464804E+01 0.353130124E+01 0.902525328E+00 0.902525328E+00
 0.726711947E+00 0.726711947E+00 0.193516644E+01 0.193516644E+01 0.602341270E+01
 0.602341270E+01 0.463009410E+00
 0.326525786E+00 0.152340266E+01 0.353090194E+01 0.900592886E+00 0.900592886E+00
 0.721879723E+00 0.721879723E+00 0.182027257E+01 0.182027257E+01 0.566563046E+01
 0.566563046E+01 0.467387189E+00
 0.328492809E+00 0.153224748E+01 0.353050760E+01 0.898794364E+00 0.898794364E+00
 0.717402138E+00 0.717402138E+00 0.168170293E+01 0.168170293E+01 0.523436306E+01
 0.523436306E+01 0.471767173E+00
 0.330459832E+00 0.154118319E+01 0.353011822E+01 0.897153986E+00 0.897153986E+00
 0.713334537E+00 0.713334537E+00 0.151773041E+01 0.151773041E+01 0.472430935E+01
 0.472430935E+01 0.476149106E+00
 0.332426854E+00 0.155021099E+01 0.352973380E+01 0.895694627E+00 0.895694627E+00
 0.709728852E+00 0.709728852E+00 0.133601930E+01 0.133601930E+01 0.415865871E+01
 0.415865871E+01 0.480532737E+00
 0.334393877E+00 0.155933202E+01 0.352935433E+01 0.894426823E+00 0.894426823E+00
 0.706606629E+00 0.706606629E+00 0.114739772E+01 0.114739772E+01 0.357135549E+01
 0.357135549E+01 0.484917818E+00
 0.336360900E+00 0.156854714E+01 0.352897980E+01 0.893354882E+00 0.893354882E+00
 0.703974081E+00 0.703974081E+00 0.955534923E+00 0.955534923E+00 0.297430346E+01
 0.297430346E+01 0.489304099E+00
 0.338327923E+00 0.157785705E+01 0.352861020E+01 0.892476199E+00 0.892476199E+00
 0.701821015E+00 0.701821015E+00 0.774101564E+00 0.774101564E+00 0.240946787E+01
 0.240946787E+01 0.493691337E+00
 0.340294946E+00 0.158726232E+01 0.352824551E+01 0.891771957E+00 0.891771957E+00
 0.700098795E+00 0.700098795E+00 0.613638224E+00 0.613638224E+00 0.190991055E+01
 0.190991055E+01 0.498079288E+00
 0.342261969E+00 0.159676339E+01 0.352788574E+01 0.891220789E+00 0.891220789E+00
 0.698752804E+00 0.698752804E+00 0.474560695E+00 0.474560695E+00 0.147729395E+01
 0.147729395E+01 0.502467711E+00
 0.344228991E+00 0.160636127E+01 0.352753086E+01 0.890799094E+00 0.890799094E+00
 0.697724062E+00 0.697724062E+00 0.359683644E+00 0.359683644E+00 0.111966238E+01
 0.111966238E+01 0.506856367E+00
 0.346196014E+00 0.161605726E+01 0.352718086E+01 0.890481586E+00 0.890481586E+00
 0.696950299E+00 0.696950299E+00 0.269647604E+00 0.269647604E+00 0.839179716E+00
 0.839179716E+00 0.511245019E+00
 0.348163037E+00 0.162585248E+01 0.352683573E+01 0.890244650E+00 0.890244650E+00
 0.696373396E+00 0.696373396E+00 0.199664158E+00 0.199664158E+00 0.621249047E+00
 0.621249047E+00 0.515633434E+00
 0.350130060E+00 0.163574773E+01 0.352649545E+01 0.890070699E+00 0.890070699E+00
 0.695950117E+00 0.695950117E+00 0.145872996E+00 0.145872996E+00 0.453921535E+00
 0.453921535E+00 0.520021379E+00
 0.352097083E+00 0.164574376E+01 0.352616000E+01 0.889943616E+00 0.889943616E+00
 0.695640855E+00 0.695640855E+00 0.106583985E+00 0.106583985E+00 0.331931138E+00
 0.331931138E+00 0.524408624E+00
 0.354064105E+00 0.165584111E+01 0.352582937E+01 0.889851051E+00 0.889851051E+00
 0.695415445E+00 0.695415445E+00 0.770821876E-01 0.770821876E-01 0.240253893E+00
 0.240253893E+00 0.528794941E+00
 0.356031128E+00 0.166604041E+01 0.352550352E+01 0.889784474E+00 0.889784474E+00
 0.695253286E+00 0.695253286E+00 0.555733920E-01 0.555733920E-01 0.173174056E+00
 0.173174056E+00 0.533180105E+00
 0.357998151E+00 0.167634296E+01 0.352518246E+01 0.889736181E+00 0.889736181E+00
 0.695135768E+00 0.695135768E+00 0.402511559E-01 0.402511559E-01 0.125290414E+00
 0.125290414E+00 0.537563891E+00
 0.359965174E+00 0.168675005E+01 0.352486614E+01 0.889701491E+00 0.889701491E+00
 0.695051443E+00 0.695051443E+00 0.287825791E-01 0.287825791E-01 0.895321074E-01
 0.895321074E-01 0.541946080E+00
 0.361932197E+00 0.169726272E+01 0.352455455E+01 0.889676621E+00 0.889676621E+00
 0.694991002E+00 0.694991002E+00 0.207316666E-01 0.207316666E-01 0.645106286E-01
 0.645106286E-01 0.546326452E+00
 0.363899219E+00 0.170788181E+01 0.352424767E+01 0.889658686E+00 0.889658686E+00
 0.694947401E+00 0.694947401E+00 0.148675532E-01 0.148675532E-01 0.462552531E-01
 0.462552531E-01 0.550704790E+00
 0.365866242E+00 0.171860794E+01 0.352394546E+01 0.889645906E+00 0.889645906E+00
 0.694916385E+00 0.694916385E+00 0.106252096E-01 0.106252096E-01 0.329361263E-01
 0.329361263E-01 0.555080881E+00
 0.367833265E+00 0.172944181E+01 0.352364791E+01 0.889636692E+00 0.889636692E+00
 0.694894138E+00 0.694894138E+00 0.766968299E-02 0.766968299E-02 0.236395491E-01
 0.236395491E-01 0.559454512E+00
 0.369800288E+00 0.174038444E+01 0.352335499E+01 0.889630087E+00 0.889630087E+00
 0.694878250E+00 0.694878250E+00 0.547472019E-02 0.547472019E-02 0.168797500E-01
 0.168797500E-01 0.563825472E+00
 0.371767311E+00 0.175143732E+01 0.352306666E+01 0.889625360E+00 0.889625360E+00
 0.694866811E+00 0.694866811E+00 0.394102253E-02 0.394102253E-02 0.122997131E-01
 0.122997131E-01 0.568193554E+00
 0.373734333E+00 0.176260170E+01 0.352278291E+01 0.889621950E+00 0.889621950E+00
 0.694858437E+00 0.694858437E+00 0.282376833E-02 0.282376833E-02 0.893160617E-02
 0.893160617E-02 0.572558552E+00
 0.375701356E+00 0.177387855E+01 0.352250370E+01 0.889619533E+00 0.889619533E+00
 0.694852471E+00 0.694852471E+00 0.199511847E-02 0.199511847E-02 0.626285433E-02
 0.626285433E-02 0.576920263E+00
 0.377668379E+00 0.178526883E+01 0.352222901E+01 0.889617819E+00 0.889617819E+00
 0.694848320E+00 0.694848320E+00 0.141288427E-02 0.141288427E-02 0.432170943E-02
 0.432170943E-02 0.581278486E+00
 0.379635402E+00 0.179677317E+01 0.352195882E+01 0.889616610E+00 0.889616610E+00
 0.694845446E+00 0.694845446E+00 0.998367373E-03 0.998367373E-03 0.304783649E-02
 0.304783649E-02 0.585633022E+00
 0.381602425E+00 0.180839241E+01 0.352169308E+01 0.889615745E+00 0.889615745E+00
 0.694843341E+00 0.694843341E+00 0.726750012E-03 0.726750012E-03 0.233714561E-02
 0.233714561E-02 0.589983673E+00
 0.383569447E+00 0.182012812E+01 0.352143178E+01 0.889615110E+00 0.889615110E+00
 0.694841694E+00 0.694841694E+00 0.528750453E-03 0.528750453E-03 0.181192096E-02
 0.181192096E-02 0.594330244E+00
 0.385536470E+00 0.183198161E+01 0.352117486E+01 0.889614660E+00 0.889614660E+00
 0.694840475E+00 0.694840475E+00 0.366176287E-03 0.366176287E-03 0.126659873E-02
 0.126659873E-02 0.598672544E+00
 0.387503493E+00 0.184395405E+01 0.352092230E+01 0.889614351E+00 0.889614351E+00
 0.694839661E+00 0.694839661E+00 0.252355123E-03 0.252355123E-03 0.816371794E-03
 0.816371794E-03 0.603010382E+00
 0.389470516E+00 0.185604644E+01 0.352067407E+01 0.889614127E+00 0.889614127E+00
 0.694839127E+00 0.694839127E+00 0.200058833E-03 0.200058833E-03 0.570932648E-03
 0.570932648E-03 0.607343571E+00
 0.391437539E+00 0.186825942E+01 0.352043013E+01 0.889613930E+00 0.889613930E+00
 0.694838714E+00 0.694838714E+00 0.192309049E-03 0.192309049E-03 0.488058625E-03
 0.488058625E-03 0.611671924E+00
 0.393404562E+00 0.188059389E+01 0.352019044E+01 0.889613743E+00 0.889613743E+00
 0.694838360E+00 0.694838360E+00 0.166706071E-03 0.166706071E-03 0.383542865E-03
 0.383542865E-03 0.615995256E+00
 0.395371584E+00 0.189305131E+01 0.351995497E+01 0.889613609E+00 0.889613609E+00
 0.694838138E+00 0.694838138E+00 0.893541663E-04 0.893541663E-04 0.158627488E-03
 0.158627488E-03 0.620313388E+00
 0.397338607E+00 0.190563319E+01 0.351972369E+01 0.889613563E+00 0.889613563E+00
 0.694838100E+00 0.694838100E+00 0.703870431E-05 0.703870431E-05-0.335759743E-04
-0.335759743E-04 0.624626139E+00
 0.399305630E+00 0.191834092E+01 0.351949657E+01 0.889613580E+00 0.889613580E+00
 0.694838135E+00 0.694838135E+00-0.320014563E-04-0.320014563E-04-0.156675640E-04
-0.156675640E-04 0.628933333E+00
 0.401272653E+00 0.193117570E+01 0.351927356E+01 0.889613614E+00 0.889613614E+00
 0.694838085E+00 0.694838085E+00-0.288607233E-04-0.288607233E-04 0.149772113E-03
 0.149772113E-03 0.633234794E+00
 0.403239676E+00 0.194413836E+01 0.351905464E+01 0.889613629E+00 0.889613629E+00
 0.694837919E+00 0.694837919E+00 0.183452778E-05 0.183452778E-05 0.235916398E-03
 0.235916398E-03 0.637530349E+00
 0.405206698E+00 0.195722980E+01 0.351883977E+01 0.889613603E+00 0.889613603E+00
 0.694837760E+00 0.694837760E+00 0.545368350E-04 0.545368350E-04 0.137160278E-03
 0.137160278E-03 0.641819828E+00
 0.407173721E+00 0.197045155E+01 0.351862890E+01 0.889613523E+00 0.889613523E+00
 0.694837712E+00 0.694837712E+00 0.940477879E-04 0.940477879E-04-0.199251556E-05
-0.199251556E-05 0.646103060E+00
 0.409140744E+00 0.198380519E+01 0.351842201E+01 0.889613432E+00 0.889613432E+00
 0.694837738E+00 0.694837738E+00 0.762017300E-04 0.762017300E-04-0.452722000E-04
-0.452722000E-04 0.650379880E+00
 0.411107767E+00 0.199729219E+01 0.351821905E+01 0.889613381E+00 0.889613381E+00
 0.694837765E+00 0.694837765E+00 0.215181416E-04 0.215181416E-04-0.163940044E-04
-0.163940044E-04 0.654650123E+00
 0.413074790E+00 0.201091383E+01 0.351801999E+01 0.889613382E+00 0.889613382E+00
 0.694837765E+00 0.694837765E+00-0.150524444E-04-0.150524444E-04 0.109266636E-04
 0.109266636E-04 0.658913626E+00
 0.415041812E+00 0.202467105E+01 0.351782478E+01 0.889613399E+00 0.889613399E+00
 0.694837755E+00 0.694837755E+00-0.126335427E-04-0.126335427E-04 0.879862878E-05
 0.879862878E-05 0.663170229E+00
 0.417008835E+00 0.203856467E+01 0.351763338E+01 0.889613404E+00 0.889613404E+00
 0.694837753E+00 0.694837753E+00 0.105196681E-05 0.105196681E-05-0.716012085E-06
-0.716012085E-06 0.667419773E+00
 0.418975858E+00 0.205259629E+01 0.351744577E+01 0.889613400E+00 0.889613400E+00
 0.694837755E+00 0.694837755E+00 0.445850596E-05 0.445850596E-05-0.314336878E-05
-0.314336878E-05 0.671662102E+00
 0.420942881E+00 0.206676766E+01 0.351726189E+01 0.889613397E+00 0.889613397E+00
 0.694837756E+00 0.694837756E+00 0.128349494E-05 0.128349494E-05-0.901300100E-06
-0.901300100E-06 0.675897061E+00
 0.422909904E+00 0.208108033E+01 0.351708171E+01 0.889613397E+00 0.889613397E+00
 0.694837756E+00 0.694837756E+00-0.117339743E-05-0.117339743E-05 0.825099454E-06
 0.825099454E-06 0.680124499E+00
 0.424876926E+00 0.209553563E+01 0.351690519E+01 0.889613398E+00 0.889613398E+00
 0.694837756E+00 0.694837756E+00-0.791996258E-06-0.791996258E-06 0.557344308E-06
 0.557344308E-06 0.684344264E+00
 0.426843949E+00 0.211013475E+01 0.351673229E+01 0.889613398E+00 0.889613398E+00
 0.694837755E+00 0.694837755E+00 0.142399281E-06 0.142399281E-06-0.100221320E-06
-0.100221320E-06 0.688556210E+00
 0.428810972E+00 0.212487873E+01 0.351656297E+01 0.889613398E+00 0.889613398E+00
 0.694837756E+00 0.694837756E+00 0.301815372E-06 0.301815372E-06-0.212334055E-06
-0.212334055E-06 0.692760188E+00
 0.430777995E+00 0.213976908E+01 0.351639719E+01 0.889613398E+00 0.889613398E+00
 0.694837756E+00 0.694837756E+00 0.598386356E-07 0.598386356E-07-0.420923308E-07
-0.420923308E-07 0.696956056E+00
 0.432745018E+00 0.215480781E+01 0.351623492E+01 0.889613398E+00 0.889613398E+00
 0.694837756E+00 0.694837756E+00-0.865374125E-07-0.865374125E-07 0.608762704E-07
 0.608762704E-07 0.701143670E+00
 0.434712040E+00 0.216999662E+01 0.351607610E+01 0.889613398E+00 0.889613398E+00
 0.694837756E+00 0.694837756E+00-0.475997066E-07-0.475997066E-07 0.334834735E-07
 0.334834735E-07 0.705322891E+00
 0.436679063E+00 0.218533686E+01 0.351592070E+01 0.889613398E+00 0.889613398E+00
 0.694837756E+00 0.694837756E+00 0.148884970E-07 0.148884970E-07-0.104749035E-07
-0.104749035E-07 0.709493580E+00
 0.438646086E+00 0.220082952E+01 0.351576868E+01 0.889613398E+00 0.889613398E+00
 0.694837756E+00 0.694837756E+00 0.197837811E-07 0.197837811E-07-0.139141143E-07
-0.139141143E-07 0.713655601E+00
 0.440613109E+00 0.221647600E+01 0.351562001E+01 0.889613398E+00 0.889613398E+00
 0.694837756E+00 0.694837756E+00 0.182848547E-08 0.182848547E-08-0.128143554E-08
-0.128143554E-08 0.717808818E+00
 0.442580132E+00 0.223227817E+01 0.351547463E+01 0.889613398E+00 0.889613398E+00
 0.694837756E+00 0.694837756E+00-0.617211969E-08-0.617211969E-08 0.434357850E-08
 0.434357850E-08 0.721953100E+00
 0.444547155E+00 0.224823793E+01 0.351533250E+01 0.889613398E+00 0.889613398E+00
 0.694837756E+00 0.694837756E+00-0.264464521E-08-0.264464521E-08 0.186363440E-08
 0.186363440E-08 0.726088315E+00
 0.446514177E+00 0.226435703E+01 0.351519360E+01 0.889613398E+00 0.889613398E+00
 0.694837756E+00 0.694837756E+00 0.133885058E-08 0.133885058E-08-0.942576400E-09
-0.942576400E-09 0.730214335E+00
 0.448481200E+00 0.228063676E+01 0.351505787E+01 0.889613398E+00 0.889613398E+00
 0.694837756E+00 0.694837756E+00 0.124743093E-08 0.124743093E-08-0.878568141E-09
-0.878568141E-09 0.734331033E+00
 0.450448223E+00 0.229707847E+01 0.351492528E+01 0.889613398E+00 0.889613398E+00
 0.694837756E+00 0.694837756E+00-0.370383570E-10-0.370383570E-10 0.250985288E-10
 0.250985288E-10 0.738438283E+00
 0.452415246E+00 0.231368381E+01 0.351479578E+01 0.889613398E+00 0.889613398E+00
 0.694837756E+00 0.694837756E+00-0.430496064E-09-0.430496064E-09 0.302758135E-09
 0.302758135E-09 0.742535962E+00
 0.454382269E+00 0.233045474E+01 0.351466934E+01 0.889613398E+00 0.889613398E+00
 0.694837756E+00 0.694837756E+00-0.135365658E-09-0.135365658E-09 0.972192488E-10
 0.972192488E-10 0.746623949E+00
 0.456349291E+00 0.234739338E+01 0.351454591E+01 0.889613398E+00 0.889613398E+00
 0.694837756E+00 0.694837756E+00 0.110126943E-09 0.110126943E-09-0.850700270E-10
-0.850700270E-10 0.750702124E+00
 0.458316314E+00 0.236450134E+01 0.351442546E+01 0.889613398E+00 0.889613398E+00
 0.694837756E+00 0.694837756E+00 0.734072223E-10 0.734072223E-10-0.587504671E-10
-0.587504671E-10 0.754770370E+00
 0.460283337E+00 0.238177999E+01 0.351430795E+01 0.889613398E+00 0.889613398E+00
 0.694837756E+00 0.694837756E+00-0.137154049E-10-0.137154049E-10 0.102739185E-10
 0.102739185E-10 0.758828569E+00
 0.462250360E+00 0.239923098E+01 0.351419333E+01 0.889613398E+00 0.889613398E+00
 0.694837756E+00 0.694837756E+00-0.274101580E-10-0.274101580E-10 0.239600437E-10
 0.239600437E-10 0.762876608E+00
 0.464217383E+00 0.241685620E+01 0.351408156E+01 0.889613398E+00 0.889613398E+00
 0.694837756E+00 0.694837756E+00-0.698575574E-11-0.698575574E-11 0.780076676E-11
 0.780076676E-11 0.766914375E+00
 0.466184405E+00 0.243465795E+01 0.351397261E+01 0.889613398E+00 0.889613398E+00
 0.694837756E+00 0.694837756E+00 0.159551580E-10 0.159551580E-10-0.556180638E-11
-0.556180638E-11 0.770941757E+00
 0.468151428E+00 0.245263815E+01 0.351386643E+01 0.889613398E+00 0.889613398E+00
 0.694837756E+00 0.694837756E+00 0.111267134E-10 0.111267134E-10-0.110649257E-11
-0.110649257E-11 0.774958647E+00
 0.470118451E+00 0.247079819E+01 0.351376299E+01 0.889613398E+00 0.889613398E+00
 0.694837756E+00 0.694837756E+00-0.136497700E-11-0.136497700E-11 0.740075872E-12
 0.740075872E-12 0.778964936E+00
 0.472085474E+00 0.248913979E+01 0.351366225E+01 0.889613398E+00 0.889613398E+00
 0.694837756E+00 0.694837756E+00-0.960660768E-11-0.960660768E-11 0.668289302E-12
 0.668289302E-12 0.782960520E+00
 0.474052497E+00 0.250766503E+01 0.351356416E+01 0.889613398E+00 0.889613398E+00
 0.694837756E+00 0.694837756E+00-0.814285358E-11-0.814285358E-11 0.790267286E-12
 0.790267286E-12 0.786945293E+00
 0.476019519E+00 0.252637619E+01 0.351346868E+01 0.889613398E+00 0.889613398E+00
 0.694837756E+00 0.694837756E+00 0.179504843E-11 0.179504843E-11-0.467005852E-11
-0.467005852E-11 0.790919154E+00
 0.477986542E+00 0.254527545E+01 0.351337579E+01 0.889613398E+00 0.889613398E+00
 0.694837756E+00 0.694837756E+00-0.199219188E-11-0.199219188E-11-0.649033533E-11
-0.649033533E-11 0.794882002E+00
 0.479953565E+00 0.256436441E+01 0.351328543E+01 0.889613398E+00 0.889613398E+00
 0.694837756E+00 0.694837756E+00 0.190559991E-11 0.190559991E-11 0.709179779E-11
 0.709179779E-11 0.798833738E+00
 0.481920588E+00 0.258364471E+01 0.351319757E+01 0.889613398E+00 0.889613398E+00
 0.694837756E+00 0.694837756E+00 0.192107998E-11 0.192107998E-11 0.502554652E-11
 0.502554652E-11 0.802774265E+00
 0.483887611E+00 0.260311877E+01 0.351311218E+01 0.889613398E+00 0.889613398E+00
 0.694837756E+00 0.694837756E+00-0.236694893E-11-0.236694893E-11 0.128768498E-12
 0.128768498E-12 0.806703485E+00
 0.485854633E+00 0.262278908E+01 0.351302921E+01 0.889613398E+00 0.889613398E+00
 0.694837756E+00 0.694837756E+00 0.754671576E-11 0.754671576E-11-0.554062051E-11
-0.554062051E-11 0.810621307E+00
 0.487821656E+00 0.264265754E+01 0.351294863E+01 0.889613398E+00 0.889613398E+00
 0.694837756E+00 0.694837756E+00 0.862325718E-11 0.862325718E-11-0.865183911E-11
-0.865183911E-11 0.814527636E+00
 0.489788679E+00 0.266272606E+01 0.351287039E+01 0.889613398E+00 0.889613398E+00
 0.694837756E+00 0.694837756E+00-0.592489006E-11-0.592489006E-11 0.988277433E-11
 0.988277433E-11 0.818422382E+00
 0.491755702E+00 0.268299674E+01 0.351279446E+01 0.889613398E+00 0.889613398E+00
 0.694837756E+00 0.694837756E+00-0.396607471E-11-0.396607471E-11 0.695224506E-11
 0.695224506E-11 0.822305454E+00
 0.493722725E+00 0.270347190E+01 0.351272080E+01 0.889613398E+00 0.889613398E+00
 0.694837756E+00 0.694837756E+00 0.274681111E-11 0.274681111E-11 0.139748697E-12
 0.139748697E-12 0.826176766E+00
 0.495689748E+00 0.272415406E+01 0.351264938E+01 0.889613398E+00 0.889613398E+00
 0.694837756E+00 0.694837756E+00-0.702116973E-11-0.702116973E-11-0.751123985E-11
-0.751123985E-11 0.830036231E+00
 0.497656770E+00 0.274504555E+01 0.351258016E+01 0.889613398E+00 0.889613398E+00
 0.694837756E+00 0.694837756E+00-0.847876858E-11-0.847876858E-11-0.104483928E-10
-0.104483928E-10 0.833883762E+00
 0.499623793E+00 0.276614833E+01 0.351251310E+01 0.889613398E+00 0.889613398E+00
 0.694837756E+00 0.694837756E+00 0.711960767E-11 0.711960767E-11 0.895120753E-11
 0.895120753E-11 0.837719278E+00
 0.501590816E+00 0.278746469E+01 0.351244817E+01 0.889613398E+00 0.889613398E+00
 0.694837756E+00 0.694837756E+00 0.298251800E-11 0.298251800E-11 0.574946536E-11
 0.574946536E-11 0.841542695E+00
 0.503557839E+00 0.280899743E+01 0.351238533E+01 0.889613398E+00 0.889613398E+00
 0.694837756E+00 0.694837756E+00 0.393250043E-11 0.393250043E-11-0.843166267E-12
-0.843166267E-12 0.845353933E+00
 0.505524862E+00 0.283074906E+01 0.351232454E+01 0.889613398E+00 0.889613398E+00
 0.694837756E+00 0.694837756E+00 0.459797723E-11 0.459797723E-11 0.986000002E-12
 0.986000002E-12 0.849152913E+00
 0.507491884E+00 0.285272159E+01 0.351226578E+01 0.889613398E+00 0.889613398E+00
 0.694837756E+00 0.694837756E+00 0.986087585E-12 0.986087585E-12 0.261966551E-12
 0.261966551E-12 0.852939556E+00
 0.509458907E+00 0.287491732E+01 0.351220900E+01 0.889613398E+00 0.889613398E+00
 0.694837756E+00 0.694837756E+00-0.854232757E-11-0.854232757E-11-0.203386621E-11
-0.203386621E-11 0.856713787E+00
 0.511425930E+00 0.289733914E+01 0.351215416E+01 0.889613398E+00 0.889613398E+00
 0.694837756E+00 0.694837756E+00-0.127811375E-10-0.127811375E-10-0.137420253E-11
-0.137420253E-11 0.860475529E+00
 0.513392953E+00 0.291998973E+01 0.351210124E+01 0.889613398E+00 0.889613398E+00
 0.694837756E+00 0.694837756E+00 0.137025172E-10 0.137025172E-10-0.171702449E-11
-0.171702449E-11 0.864224709E+00
 0.515359976E+00 0.294287137E+01 0.351205020E+01 0.889613398E+00 0.889613398E+00
 0.694837756E+00 0.694837756E+00 0.984513215E-11 0.984513215E-11-0.226645041E-11
-0.226645041E-11 0.867961255E+00
 0.517326998E+00 0.296598645E+01 0.351200101E+01 0.889613398E+00 0.889613398E+00
 0.694837756E+00 0.694837756E+00-0.120898222E-11-0.120898222E-11 0.274075211E-12
 0.274075211E-12 0.871685096E+00
 0.519294021E+00 0.298933785E+01 0.351195362E+01 0.889613398E+00 0.889613398E+00
 0.694837756E+00 0.694837756E+00-0.500920326E-11-0.500920326E-11 0.117014956E-11
 0.117014956E-11 0.875396161E+00
 0.521261044E+00 0.301292837E+01 0.351190801E+01 0.889613398E+00 0.889613398E+00
 0.694837756E+00 0.694837756E+00-0.567618710E-11-0.567618710E-11 0.177092712E-11
 0.177092712E-11 0.879094383E+00
 0.523228067E+00 0.303676083E+01 0.351186415E+01 0.889613398E+00 0.889613398E+00
 0.694837756E+00 0.694837756E+00 0.791969291E-12 0.791969291E-12-0.152825744E-11
-0.152825744E-11 0.882779695E+00
 0.525195090E+00 0.306083792E+01 0.351182200E+01 0.889613398E+00 0.889613398E+00
 0.694837756E+00 0.694837756E+00-0.175980922E-11-0.175980922E-11-0.238349793E-11
-0.238349793E-11 0.886452029E+00
 0.527162112E+00 0.308516246E+01 0.351178152E+01 0.889613398E+00 0.889613398E+00
 0.694837756E+00 0.694837756E+00 0.197914843E-11 0.197914843E-11 0.433664858E-11
 0.433664858E-11 0.890111323E+00
 0.529129135E+00 0.310973725E+01 0.351174270E+01 0.889613398E+00 0.889613398E+00
 0.694837756E+00 0.694837756E+00 0.139450325E-11 0.139450325E-11 0.353230523E-11
 0.353230523E-11 0.893757511E+00
 0.531096158E+00 0.313456531E+01 0.351170549E+01 0.889613398E+00 0.889613398E+00
 0.694837756E+00 0.694837756E+00-0.587367475E-14-0.587367475E-14 0.295321035E-13
 0.295321035E-13 0.897390533E+00
 0.533063181E+00 0.315964965E+01 0.351166987E+01 0.889613398E+00 0.889613398E+00
 0.694837756E+00 0.694837756E+00-0.137100855E-11-0.137100855E-11-0.365043365E-11
-0.365043365E-11 0.901010327E+00
 0.535030204E+00 0.318499329E+01 0.351163580E+01 0.889613398E+00 0.889613398E+00
 0.694837756E+00 0.694837756E+00-0.419795583E-12-0.419795583E-12-0.518424924E-11
-0.518424924E-11 0.904616833E+00
 0.536997226E+00 0.321059918E+01 0.351160325E+01 0.889613398E+00 0.889613398E+00
 0.694837756E+00 0.694837756E+00-0.285951257E-11-0.285951257E-11 0.463097887E-11
 0.463097887E-11 0.908209994E+00
 0.538964249E+00 0.323647037E+01 0.351157219E+01 0.889613398E+00 0.889613398E+00
 0.694837756E+00 0.694837756E+00-0.291641276E-11-0.291641276E-11 0.305398517E-11
 0.305398517E-11 0.911789751E+00
 0.540931272E+00 0.326261004E+01 0.351154260E+01 0.889613398E+00 0.889613398E+00
 0.694837756E+00 0.694837756E+00-0.249095004E-12-0.249095004E-12-0.453268136E-12
-0.453268136E-12 0.915356049E+00
 0.542898295E+00 0.328902136E+01 0.351151443E+01 0.889613398E+00 0.889613398E+00
 0.694837756E+00 0.694837756E+00 0.391279278E-11 0.391279278E-11-0.124091263E-11
-0.124091263E-11 0.918908833E+00
 0.544865318E+00 0.331570767E+01 0.351148767E+01 0.889613398E+00 0.889613398E+00
 0.694837756E+00 0.694837756E+00 0.528188597E-11 0.528188597E-11-0.172903198E-11
-0.172903198E-11 0.922448050E+00
 0.546832341E+00 0.334267219E+01 0.351146228E+01 0.889613398E+00 0.889613398E+00
 0.694837756E+00 0.694837756E+00-0.435637457E-11-0.435637457E-11 0.101108991E-11
 0.101108991E-11 0.925973646E+00
 0.548799363E+00 0.336991836E+01 0.351143823E+01 0.889613398E+00 0.889613398E+00
 0.694837756E+00 0.694837756E+00-0.689876548E-11-0.689876548E-11 0.398992286E-11
 0.398992286E-11 0.929485569E+00
 0.550766386E+00 0.339744948E+01 0.351141550E+01 0.889613398E+00 0.889613398E+00
 0.694837756E+00 0.694837756E+00 0.129090587E-10 0.129090587E-10-0.106655308E-10
-0.106655308E-10 0.932983770E+00
 0.552733409E+00 0.342526904E+01 0.351139405E+01 0.889613398E+00 0.889613398E+00
 0.694837756E+00 0.694837756E+00 0.104197629E-10 0.104197629E-10-0.882735367E-11
-0.882735367E-11 0.936468196E+00
 0.554700432E+00 0.345338043E+01 0.351137386E+01 0.889613398E+00 0.889613398E+00
 0.694837756E+00 0.694837756E+00 0.569121848E-12 0.569121848E-12-0.152460861E-11
-0.152460861E-11 0.939938799E+00
 0.556667455E+00 0.348178720E+01 0.351135490E+01 0.889613398E+00 0.889613398E+00
 0.694837756E+00 0.694837756E+00-0.126962503E-10-0.126962503E-10 0.149257881E-10
 0.149257881E-10 0.943395530E+00
 0.558634477E+00 0.351049285E+01 0.351133714E+01 0.889613398E+00 0.889613398E+00
 0.694837756E+00 0.694837756E+00-0.164324428E-10-0.164324428E-10 0.179048127E-10
 0.179048127E-10 0.946838339E+00
 0.560601500E+00 0.353950098E+01 0.351132056E+01 0.889613398E+00 0.889613398E+00
 0.694837756E+00 0.694837756E+00 0.117776995E-10 0.117776995E-10-0.104616823E-10
-0.104616823E-10 0.950267176E+00
 0.562568523E+00 0.356881533E+01 0.351130512E+01 0.889613398E+00 0.889613398E+00
 0.694837756E+00 0.694837756E+00 0.871966796E-11 0.871966796E-11 0.402314640E-12
 0.402314640E-12 0.953681992E+00
 0.564535546E+00 0.359843963E+01 0.351129081E+01 0.889613398E+00 0.889613398E+00
 0.694837756E+00 0.694837756E+00-0.725834833E-11-0.725834833E-11-0.146871783E-10
-0.146871783E-10 0.957082734E+00
 0.566502569E+00 0.362837787E+01 0.351127760E+01 0.889613398E+00 0.889613398E+00
 0.694837756E+00 0.694837756E+00-0.431003901E-11-0.431003901E-11-0.147945080E-10
-0.147945080E-10 0.960469340E+00
 0.568469591E+00 0.365863401E+01 0.351126546E+01 0.889613398E+00 0.889613398E+00
 0.694837756E+00 0.694837756E+00-0.125260012E-12-0.125260012E-12 0.724303766E-12
 0.724303766E-12 0.963841739E+00
 0.570436614E+00 0.368921217E+01 0.351125438E+01 0.889613398E+00 0.889613398E+00
 0.694837756E+00 0.694837756E+00 0.481107906E-11 0.481107906E-11 0.118972929E-10
 0.118972929E-10 0.967199846E+00
 0.572403637E+00 0.372011660E+01 0.351124434E+01 0.889613398E+00 0.889613398E+00
 0.694837756E+00 0.694837756E+00 0.681797559E-11 0.681797559E-11 0.130576299E-10
 0.130576299E-10 0.970543563E+00
 0.574370660E+00 0.375135147E+01 0.351123532E+01 0.889613398E+00 0.889613398E+00
 0.694837756E+00 0.694837756E+00-0.614594960E-11-0.614594960E-11-0.275670736E-11
-0.275670736E-11 0.973872771E+00
 0.576337683E+00 0.378292095E+01 0.351122729E+01 0.889613398E+00 0.889613398E+00
 0.694837756E+00 0.694837756E+00-0.423140669E-11-0.423140669E-11 0.175234981E-11
 0.175234981E-11 0.977187332E+00
 0.578304705E+00 0.381483008E+01 0.351122026E+01 0.889613398E+00 0.889613398E+00
 0.694837756E+00 0.694837756E+00 0.107434684E-11 0.107434684E-11-0.469541547E-12
-0.469541547E-12 0.980487183E+00
 0.580271728E+00 0.384708505E+01 0.351121420E+01 0.889613398E+00 0.889613398E+00
 0.694837756E+00 0.694837756E+00-0.394297516E-12-0.394297516E-12 0.125816381E-12
 0.125816381E-12 0.983772332E+00
 0.582238751E+00 0.387969462E+01 0.351120910E+01 0.889613398E+00 0.889613398E+00
 0.694837756E+00 0.694837756E+00 0.174526371E-12 0.174526371E-12-0.337239785E-13
-0.337239785E-13 0.987042946E+00
 0.584205774E+00 0.391267183E+01 0.351120494E+01 0.889613398E+00 0.889613398E+00
 0.694837756E+00 0.694837756E+00 0.245088899E-13 0.245088899E-13 0.907953268E-14
 0.907953268E-14 0.990299640E+00
 0.586172797E+00 0.394603322E+01 0.351120172E+01 0.889613398E+00 0.889613398E+00
 0.694837756E+00 0.694837756E+00 0.557549274E-13 0.557549274E-13-0.259415220E-14
-0.259415220E-14 0.993543416E+00
 0.588139819E+00 0.397980443E+01 0.351119943E+01 0.889613398E+00 0.889613398E+00
 0.694837756E+00 0.694837756E+00 0.246106533E-12 0.246106533E-12 0.129707610E-14
 0.129707610E-14 0.996776138E+00
 0.590106842E+00 0.401401549E+01 0.351119804E+01 0.889613398E+00 0.889613398E+00
 0.694837756E+00 0.694837756E+00 0.273086372E-12 0.273086372E-12-0.259415220E-14
-0.259415220E-14 0.100000000E+01
