        0.0   0.00000E+00   0.00000E+00   0.00000E+00   0.00000E+00   0.00000E+00   0.00000E+00   0.00000E+00   0.00000E+00
        0.0   0.00000E+00   0.00000E+00   0.00000E+00   0.00000E+00   0.00000E+00   0.00000E+00   0.00000E+00   0.00000E+00
        0.0   0.00000E+00   0.00000E+00   0.00000E+00   0.00000E+00   0.00000E+00   0.00000E+00   0.00000E+00   0.00000E+00
        0.0   0.00000E+00   0.00000E+00   0.00000E+00   0.00000E+00   0.00000E+00   0.00000E+00   0.00000E+00   0.00000E+00
        3.1  -0.56517E-45   0.20031E-43  -0.16622E-41   0.99719E-40  -0.71176E-40   0.49207E-40  -0.48845E-42   0.20573E-41
        3.1   0.22900E-43  -0.10433E-44  -0.53982E-42  -0.34019E-41  -0.15983E-40   0.16137E-41  -0.62039E-43  -0.46548E-43
        3.1  -0.20577E-44  -0.10658E-42   0.11564E-40  -0.18086E-39   0.11661E-41   0.41568E-39  -0.76393E-41   0.96034E-40
        3.1   0.49937E-43  -0.80761E-44  -0.19957E-41   0.32779E-41  -0.68507E-40   0.10055E-40  -0.59384E-43  -0.27097E-42
        6.3  -0.24004E-28   0.15968E-28  -0.15220E-26   0.24427E-24  -0.18342E-26  -0.76481E-25  -0.51106E-25   0.40577E-24
        6.3  -0.27759E-26   0.75519E-30   0.17770E-29   0.11135E-25  -0.11745E-25   0.20322E-26  -0.61499E-26  -0.22338E-25
        6.3  -0.80157E-28  -0.94628E-28  -0.92357E-27   0.15212E-23   0.17218E-23   0.95939E-24   0.46252E-25   0.25070E-22
        6.3  -0.13593E-25   0.11087E-29  -0.13830E-27   0.27002E-25  -0.63395E-26   0.25614E-25  -0.34442E-26  -0.87646E-25
        9.4  -0.51163E-12  -0.38066E-13  -0.10095E-11   0.45413E-09   0.12438E-08   0.29024E-09  -0.15001E-09   0.50500E-07
        9.4   0.34719E-09  -0.10940E-14  -0.10232E-13   0.11509E-10  -0.12104E-09   0.60674E-10  -0.67551E-09  -0.31020E-08
        9.4  -0.21100E-11  -0.11918E-12  -0.40560E-11   0.55937E-08   0.18884E-07   0.12158E-07  -0.18524E-07   0.10522E-05
        9.4   0.62668E-08  -0.99012E-14  -0.35208E-13  -0.68447E-10  -0.36192E-09   0.25947E-09  -0.82084E-09  -0.14990E-07
       12.5   0.92273E+04   0.11449E+03  -0.12458E+04  -0.42455E+06   0.93092E+07   0.25268E+08  -0.30279E+09   0.14105E+10
       12.5  -0.11601E+09  -0.27262E+03   0.94320E+02   0.66875E+04  -0.14061E+07   0.90588E+06  -0.63657E+08   0.15522E+08
       12.5  -0.80617E+05   0.96534E+04  -0.86556E+05   0.15206E+08   0.74592E+08   0.28078E+08  -0.69267E+10  -0.11702E+11
       12.5  -0.46173E+09  -0.12112E+04   0.17656E+04  -0.26550E+06  -0.64267E+07   0.55083E+06  -0.84882E+08   0.27802E+09
       15.7  -0.26340E+22   0.10485E+20  -0.19044E+21  -0.28276E+23   0.20201E+24   0.16409E+25   0.63092E+24  -0.14471E+27
       15.7  -0.63384E+25  -0.12227E+20   0.24085E+19   0.13053E+21  -0.41355E+23   0.32895E+23  -0.59937E+25   0.26803E+25
       15.7  -0.21077E+23   0.57910E+21  -0.44647E+22  -0.58784E+23  -0.40771E+25  -0.25179E+26  -0.61042E+27  -0.37453E+28
       15.7  -0.41496E+26  -0.49538E+20   0.77710E+20  -0.37301E+21  -0.16878E+24  -0.32507E+24  -0.11419E+26  -0.30284E+26
       18.8  -0.74732E+39  -0.24389E+37  -0.29187E+38  -0.64475E+39   0.32639E+40   0.12466E+42   0.71539E+43  -0.65184E+44
       18.8   0.73880E+42  -0.60590E+35  -0.23506E+37   0.20529E+38  -0.17330E+40   0.25629E+40  -0.72109E+42  -0.68212E+43
       18.8  -0.38723E+40   0.16190E+38  -0.23391E+39   0.44565E+39  -0.15977E+42  -0.31632E+43  -0.10075E+45   0.11796E+46
       18.8  -0.11168E+43  -0.49413E+36  -0.37202E+37   0.95818E+38  -0.63270E+40  -0.23349E+41  -0.91565E+42  -0.40228E+44
       22.0   0.36941E+56   0.40148E+54  -0.18075E+55  -0.58134E+56   0.98512E+56   0.10352E+59   0.14199E+61  -0.33314E+61
       22.0  -0.11146E+60   0.14106E+54  -0.34830E+54   0.20073E+55  -0.80752E+56   0.21060E+57  -0.88743E+59   0.29219E+60
       22.0   0.20531E+57   0.14240E+56  -0.28616E+56  -0.19932E+56  -0.62385E+58  -0.96752E+59  -0.44396E+61  -0.36683E+61
       22.0  -0.19278E+61   0.47936E+54  -0.10458E+55   0.10470E+56  -0.25527E+57  -0.30525E+57  -0.26999E+59  -0.92237E+60
       25.1  -0.77659E+73  -0.16576E+71  -0.50107E+71  -0.60587E+73   0.12114E+74   0.43942E+75   0.26167E+78  -0.26696E+78
       25.1  -0.39426E+77   0.26403E+71  -0.41353E+71   0.51188E+71  -0.74880E+73   0.46680E+74  -0.79087E+76   0.23285E+78
       25.1  -0.14538E+73   0.13358E+73  -0.18478E+73   0.46161E+74  -0.51486E+75  -0.75122E+76   0.10527E+79  -0.10937E+80
       25.1  -0.34845E+78   0.61260E+71  -0.15765E+72   0.71753E+72  -0.24193E+74   0.12496E+75  -0.72138E+76   0.62245E+78
       28.2  -0.46916E+91  -0.10863E+89  -0.29792E+89  -0.31138E+90  -0.25890E+91  -0.82348E+92   0.40546E+95  -0.11556E+96
       28.2  -0.47579E+94   0.32449E+88  -0.58346E+88   0.15551E+88  -0.20848E+90   0.73449E+90  -0.67521E+93   0.36871E+95
       28.2  -0.15884E+92   0.20386E+89  -0.21830E+90   0.46369E+91  -0.44848E+92   0.26219E+93   0.27345E+96   0.10646E+97
       28.2  -0.31370E+95   0.61885E+88  -0.24148E+89   0.33876E+89  -0.80003E+90   0.52219E+91   0.21319E+93   0.12117E+96
