        0.0   0.47843E-21  -0.49059E-19   0.10289E-18  -0.51828E-19   0.00000E+00
        3.1  -0.17582E-16   0.12944E-16   0.14696E-17   0.12638E-16   0.00000E+00
        6.3  -0.36867E-09   0.30585E-09  -0.74536E-10   0.34114E-09   0.00000E+00
        9.4  -0.21843E-01   0.38153E-02   0.79177E-03   0.27147E-01   0.00000E+00
       12.5  -0.45851E+07  -0.40585E+07  -0.16995E+07   0.43796E+07   0.00000E+00
       15.7  -0.14267E+16  -0.15793E+16  -0.94278E+15   0.10263E+16   0.00000E+00
       18.8  -0.44733E+24  -0.43278E+24  -0.26075E+24   0.30922E+24   0.00000E+00
       22.0  -0.20012E+33  -0.14446E+33  -0.10441E+33   0.33334E+32   0.00000E+00
       25.1  -0.67397E+41  -0.38982E+41  -0.42039E+41  -0.24889E+41   0.00000E+00
       28.2  -0.47237E+48   0.10148E+49  -0.67059E+49  -0.24407E+49   0.00000E+00
